2 0.630859375 0.5020833333333333 0.04921875 0.10520833333333333
3 0.769921875 0.5354166666666667 0.01640625 0.01875
3 0.697265625 0.31979166666666664 0.0171875 0.021875
3 0.789453125 0.3776041666666667 0.0203125 0.0125
3 0.715625 0.38177083333333334 0.021875 0.022916666666666665
3 0.557421875 0.1046875 0.01015625 0.03229166666666667
0 0.343359375 0.3026041666666667 0.034375 0.023958333333333335
2 0.387109375 0.13385416666666666 0.034375 0.040625
2 0.1828125 0.5708333333333333 0.02109375 0.052083333333333336
2 0.19375 0.5390625 0.01328125 0.04791666666666667
2 0.20625 0.5036458333333333 0.0203125 0.040625
2 0.71171875 0.790625 0.01796875 0.03229166666666667
2 0.223828125 0.4630208333333333 0.0234375 0.05416666666666667
2 0.710546875 0.7463541666666667 0.01796875 0.03333333333333333
2 0.7 0.6052083333333333 0.034375 0.078125
2 0.705859375 0.6984375 0.0234375 0.04895833333333333
2 0.675390625 0.5041666666666667 0.04375 0.09270833333333334