3 0.5609375 0.096875 0.0078125 0.019791666666666666
3 0.641796875 0.10729166666666666 0.00703125 0.01875
3 0.6484375 0.11145833333333334 0.009375 0.01875
3 0.716796875 0.3984375 0.021875 0.019791666666666666
3 0.33984375 0.22760416666666666 0.01171875 0.021875
3 0.34921875 0.23385416666666667 0.01171875 0.021875
1 0.6421875 0.8098958333333334 0.046875 0.071875
1 0.37109375 0.046875 0.034375 0.029166666666666667
1 0.384375 0.028125 0.0421875 0.03229166666666667
2 0.19375 0.540625 0.01328125 0.03333333333333333
2 0.20625 0.50625 0.0203125 0.04375
2 0.22109375 0.4630208333333333 0.01796875 0.04375
2 0.247265625 0.4140625 0.021875 0.052083333333333336
2 0.608203125 0.3234375 0.06328125 0.08958333333333333
2 0.52109375 0.1875 0.05078125 0.05
2 0.414453125 0.07864583333333333 0.028125 0.022916666666666665
2 0.622265625 0.6052083333333333 0.03671875 0.084375
2 0.698046875 0.603125 0.02421875 0.07395833333333333
2 0.67109375 0.7796875 0.0234375 0.040625
2 0.63828125 0.13645833333333332 0.04296875 0.027083333333333334
2 0.665234375 0.16666666666666666 0.04140625 0.025
2 0.680078125 0.13385416666666666 0.03515625 0.03229166666666667
2 0.708984375 0.16458333333333333 0.03125 0.027083333333333334
2 0.718359375 0.14427083333333332 0.03125 0.022916666666666665
2 0.73984375 0.16927083333333334 0.0328125 0.028125
3 0.6421875 0.09427083333333333 0.0078125 0.022916666666666665
3 0.55234375 0.09479166666666666 0.009375 0.023958333333333335