3 0.464453125 0.09583333333333334 0.0125 0.026041666666666668
3 0.49453125 0.090625 0.0125 0.03125
3 0.301171875 0.3453125 0.01796875 0.030208333333333334
1 0.2984375 0.8151041666666666 0.03515625 0.05416666666666667
3 0.691015625 0.2635416666666667 0.01171875 0.020833333333333332
2 0.762109375 0.4661458333333333 0.02890625 0.05416666666666667
2 0.692578125 0.4505208333333333 0.059375 0.07916666666666666
3 0.67890625 0.26927083333333335 0.01640625 0.022916666666666665
2 0.366015625 0.10520833333333333 0.0359375 0.030208333333333334
2 0.37890625 0.13333333333333333 0.04140625 0.035416666666666666
2 0.40859375 0.11458333333333333 0.04609375 0.03333333333333333
2 0.33515625 0.12291666666666666 0.03359375 0.027083333333333334
2 0.327734375 0.103125 0.0328125 0.027083333333333334
2 0.302734375 0.12135416666666667 0.0328125 0.03333333333333333
2 0.3328125 0.6604166666666667 0.04140625 0.06770833333333333
2 0.6578125 0.09270833333333334 0.0234375 0.027083333333333334
2 0.628515625 0.10885416666666667 0.02421875 0.029166666666666667
3 0.4453125 0.09270833333333334 0.01015625 0.020833333333333332
2 0.64140625 0.18645833333333334 0.0359375 0.04791666666666667
2 0.53984375 0.16875 0.05 0.05520833333333333
2 0.796875 0.6041666666666666 0.025 0.03958333333333333
2 0.789453125 0.5671875 0.02265625 0.04479166666666667
2 0.780078125 0.5286458333333334 0.02578125 0.05
3 0.45078125 0.0921875 0.0078125 0.022916666666666665
3 0.456640625 0.08854166666666667 0.009375 0.025
3 0.459375 0.09895833333333333 0.01015625 0.020833333333333332
3 0.487109375 0.0890625 0.0109375 0.027083333333333334