2 0.805859375 0.3328125 0.01796875 0.026041666666666668
2 0.2953125 0.4088541666666667 0.0390625 0.075
2 0.2828125 0.3140625 0.0265625 0.0625
2 0.31875 0.16458333333333333 0.01328125 0.026041666666666668
2 0.6296875 0.8572916666666667 0.0265625 0.041666666666666664
2 0.65234375 0.9453125 0.01875 0.017708333333333333
2 0.601953125 0.9125 0.025 0.019791666666666666
2 0.803125 0.3932291666666667 0.021875 0.0375
2 0.669140625 0.653125 0.0484375 0.06875
3 0.29453125 0.6994791666666667 0.0171875 0.025
3 0.28671875 0.6322916666666667 0.0234375 0.014583333333333334
3 0.47421875 0.9005208333333333 0.01328125 0.030208333333333334
2 0.77890625 0.51875 0.021875 0.051041666666666666
2 0.794921875 0.4734375 0.01953125 0.04895833333333333
2 0.801953125 0.4359375 0.01484375 0.036458333333333336
2 0.3703125 0.503125 0.053125 0.09791666666666667
2 0.323046875 0.5088541666666667 0.04609375 0.08541666666666667