2 0.6765625 0.5036458333333333 0.04375 0.090625
2 0.701171875 0.6041666666666666 0.0328125 0.07395833333333333
2 0.329296875 0.3958333333333333 0.0515625 0.06875
3 0.542578125 0.0984375 0.01015625 0.022916666666666665
3 0.714453125 0.37864583333333335 0.01953125 0.016666666666666666
2 0.585546875 0.2140625 0.05390625 0.06458333333333334
2 0.702734375 0.7921875 0.01875 0.03229166666666667
2 0.672265625 0.13229166666666667 0.0359375 0.027083333333333334
2 0.694921875 0.16614583333333333 0.0453125 0.020833333333333332
2 0.57578125 0.13020833333333334 0.0484375 0.03125
3 0.78203125 0.3890625 0.0171875 0.016666666666666666
1 0.664453125 0.8583333333333333 0.034375 0.04791666666666667
2 0.45625 0.09739583333333333 0.04296875 0.023958333333333335
2 0.385546875 0.13541666666666666 0.02734375 0.040625
2 0.193359375 0.5411458333333333 0.01484375 0.040625
2 0.207421875 0.5046875 0.0203125 0.04895833333333333
2 0.22265625 0.46145833333333336 0.02109375 0.04895833333333333