2 0.20546875 0.5083333333333333 0.01796875 0.04791666666666667
2 0.1953125 0.5390625 0.01875 0.03958333333333333
1 0.650390625 0.8333333333333334 0.0375 0.06458333333333334
3 0.714453125 0.37864583333333335 0.01953125 0.019791666666666666
2 0.6203125 0.13541666666666666 0.04921875 0.029166666666666667
2 0.670703125 0.134375 0.034375 0.025
2 0.712890625 0.16302083333333334 0.03671875 0.035416666666666666
2 0.669140625 0.1671875 0.0375 0.035416666666666666
2 0.587109375 0.5385416666666667 0.0609375 0.10208333333333333
2 0.71171875 0.8005208333333333 0.015625 0.0375
2 0.28515625 0.4510416666666667 0.04765625 0.06770833333333333
2 0.22109375 0.46510416666666665 0.021875 0.053125
2 0.6390625 0.22083333333333333 0.05390625 0.05416666666666667
2 0.35390625 0.0890625 0.02109375 0.027083333333333334
3 0.548828125 0.09583333333333334 0.01171875 0.026041666666666668