2 0.221875 0.5203125 0.0265625 0.04895833333333333
2 0.23828125 0.4671875 0.03046875 0.06041666666666667
3 0.55703125 0.09635416666666667 0.009375 0.019791666666666666
2 0.20390625 0.6041666666666666 0.01875 0.03854166666666667
2 0.611328125 0.14166666666666666 0.0421875 0.03854166666666667
2 0.634765625 0.103125 0.0359375 0.03125
2 0.671875 0.1015625 0.03125 0.023958333333333335
2 0.66640625 0.12552083333333333 0.02890625 0.022916666666666665
2 0.696875 0.12552083333333333 0.03046875 0.034375
2 0.594921875 0.11354166666666667 0.0453125 0.035416666666666666
3 0.54921875 0.0921875 0.0078125 0.022916666666666665
3 0.54296875 0.08697916666666666 0.009375 0.019791666666666666
3 0.5328125 0.09635416666666667 0.009375 0.022916666666666665
3 0.537890625 0.0984375 0.009375 0.019791666666666666
3 0.51015625 0.08385416666666666 0.01640625 0.026041666666666668
3 0.698828125 0.35 0.0203125 0.021875
3 0.30703125 0.2630208333333333 0.01484375 0.021875
3 0.321875 0.27291666666666664 0.0171875 0.025
2 0.21015625 0.56875 0.01953125 0.046875
2 0.3234375 0.42864583333333334 0.0578125 0.075
2 0.36015625 0.10520833333333333 0.0265625 0.026041666666666668