2 0.632421875 0.5083333333333333 0.04609375 0.09791666666666667
3 0.54140625 0.09791666666666667 0.0125 0.027083333333333334
2 0.67578125 0.5041666666666667 0.040625 0.09270833333333334
2 0.698046875 0.6036458333333333 0.034375 0.07604166666666666
2 0.709765625 0.725 0.021875 0.04895833333333333
2 0.661328125 0.8234375 0.0203125 0.03333333333333333
2 0.214453125 0.5338541666666666 0.02109375 0.04791666666666667
2 0.1859375 0.6536458333333334 0.0171875 0.035416666666666666
2 0.22109375 0.4630208333333333 0.0203125 0.05416666666666667
2 0.203125 0.5036458333333333 0.01796875 0.04895833333333333
2 0.193359375 0.5390625 0.0171875 0.03333333333333333
2 0.460546875 0.13385416666666666 0.028125 0.04375
2 0.540625 0.19635416666666666 0.0515625 0.03333333333333333
2 0.387109375 0.13645833333333332 0.03046875 0.04375
2 0.3734375 0.050520833333333334 0.01796875 0.016666666666666666
3 0.7140625 0.31354166666666666 0.01640625 0.021875
3 0.71484375 0.37916666666666665 0.0203125 0.01875