2 0.353125 0.5979166666666667 0.06953125 0.11041666666666666
2 0.7140625 0.8645833333333334 0.01953125 0.023958333333333335
2 0.621484375 0.78125 0.053125 0.06666666666666667
2 0.6796875 0.8317708333333333 0.02734375 0.035416666666666666
2 0.792578125 0.37552083333333336 0.0265625 0.04479166666666667
2 0.786328125 0.4125 0.025 0.05
2 0.778515625 0.4588541666666667 0.03671875 0.06354166666666666
2 0.258984375 0.3453125 0.03046875 0.051041666666666666
2 0.2828125 0.4244791666666667 0.03984375 0.07604166666666666
2 0.417578125 0.5119791666666667 0.06953125 0.11145833333333334
2 0.5421875 0.875 0.06328125 0.04479166666666667
2 0.706640625 0.8875 0.02109375 0.023958333333333335
1 0.669921875 0.7572916666666667 0.1109375 0.178125
3 0.301953125 0.6713541666666667 0.0234375 0.019791666666666666