3 0.794140625 0.3828125 0.01171875 0.013541666666666667
3 0.800390625 0.3984375 0.0171875 0.007291666666666667
3 0.8015625 0.40729166666666666 0.01484375 0.013541666666666667
3 0.2375 0.38177083333333334 0.01484375 0.013541666666666667
2 0.70703125 0.6927083333333334 0.0234375 0.04583333333333333
2 0.710546875 0.8046875 0.015625 0.027083333333333334
2 0.688671875 0.5473958333333333 0.04140625 0.08645833333333333
2 0.22265625 0.4630208333333333 0.02109375 0.05520833333333333
2 0.35234375 0.09375 0.0203125 0.022916666666666665
2 0.344921875 0.0796875 0.01796875 0.016666666666666666
2 0.379296875 0.057291666666666664 0.0171875 0.019791666666666666
2 0.365234375 0.10833333333333334 0.0203125 0.029166666666666667
3 0.29375 0.30572916666666666 0.01484375 0.01875
1 0.344140625 0.134375 0.05390625 0.08229166666666667
1 0.366796875 0.0390625 0.03984375 0.029166666666666667
2 0.194921875 0.5411458333333333 0.01796875 0.035416666666666666
2 0.20703125 0.50625 0.01875 0.04895833333333333
2 0.3859375 0.13645833333333332 0.028125 0.035416666666666666
3 0.303515625 0.3026041666666667 0.01640625 0.021875
3 0.315234375 0.28541666666666665 0.01484375 0.016666666666666666
3 0.3078125 0.26979166666666665 0.0140625 0.016666666666666666
3 0.31640625 0.2578125 0.01953125 0.022916666666666665