2 0.279296875 0.29739583333333336 0.02421875 0.05
2 0.793359375 0.46770833333333334 0.02109375 0.051041666666666666
2 0.803515625 0.43072916666666666 0.0203125 0.046875
2 0.6328125 0.8505208333333333 0.0234375 0.0375
2 0.6515625 0.8770833333333333 0.0234375 0.029166666666666667
2 0.66640625 0.8932291666666666 0.0171875 0.029166666666666667
3 0.758984375 0.5958333333333333 0.0203125 0.015625
3 0.7625 0.5817708333333333 0.01875 0.017708333333333333
3 0.7703125 0.5729166666666666 0.015625 0.013541666666666667
3 0.275390625 0.6651041666666667 0.02265625 0.014583333333333334
1 0.67578125 0.85 0.05625 0.09270833333333334
3 0.759375 0.6197916666666666 0.0203125 0.014583333333333334
2 0.644140625 0.9286458333333333 0.02109375 0.025
2 0.676953125 0.9036458333333334 0.009375 0.021875
1 0.655078125 0.9494791666666667 0.04296875 0.03125
3 0.758984375 0.6067708333333334 0.02109375 0.0125
2 0.309375 0.4708333333333333 0.04140625 0.08854166666666667
2 0.2875 0.3609375 0.02421875 0.06354166666666666
2 0.778515625 0.5088541666666667 0.02578125 0.05520833333333333