2 0.20625 0.5057291666666667 0.01328125 0.041666666666666664
2 0.219921875 0.4640625 0.015625 0.04583333333333333
2 0.246484375 0.4140625 0.0203125 0.05416666666666667
3 0.340625 0.22708333333333333 0.0171875 0.029166666666666667
3 0.648046875 0.09947916666666666 0.01015625 0.027083333333333334
3 0.24375 0.37916666666666665 0.01796875 0.015625
3 0.723828125 0.38229166666666664 0.021875 0.01875
1 0.386328125 0.0296875 0.03984375 0.029166666666666667
1 0.687109375 0.5375 0.09296875 0.23125
2 0.371875 0.190625 0.02734375 0.04791666666666667
2 0.3546875 0.09375 0.01796875 0.022916666666666665
2 0.373828125 0.12239583333333333 0.02734375 0.03229166666666667
2 0.422265625 0.19114583333333332 0.0421875 0.05416666666666667
2 0.635546875 0.13854166666666667 0.03359375 0.025
2 0.6640625 0.16510416666666666 0.03359375 0.03125
2 0.678515625 0.13541666666666666 0.0296875 0.020833333333333332
2 0.708203125 0.16458333333333333 0.03125 0.027083333333333334
2 0.71796875 0.14427083333333332 0.0265625 0.025
2 0.73671875 0.1703125 0.0265625 0.017708333333333333
2 0.71171875 0.7942708333333334 0.01328125 0.025
2 0.711328125 0.7640625 0.0171875 0.027083333333333334
2 0.71015625 0.709375 0.0234375 0.057291666666666664
2 0.19609375 0.5427083333333333 0.01171875 0.04375