3 0.54296875 0.09635416666666667 0.009375 0.030208333333333334
3 0.714453125 0.3770833333333333 0.021875 0.016666666666666666
2 0.223046875 0.4630208333333333 0.021875 0.05416666666666667
2 0.208203125 0.5041666666666667 0.0234375 0.041666666666666664
1 0.650390625 0.8328125 0.0421875 0.065625
2 0.714453125 0.8083333333333333 0.0125 0.03125
2 0.670703125 0.7942708333333334 0.021875 0.041666666666666664
2 0.620703125 0.1359375 0.0484375 0.03333333333333333
2 0.73671875 0.24375 0.0328125 0.036458333333333336
2 0.1953125 0.540625 0.01875 0.03958333333333333
2 0.66796875 0.1671875 0.03984375 0.03229166666666667
2 0.710546875 0.7302083333333333 0.021875 0.0375
2 0.3734375 0.11614583333333334 0.028125 0.03333333333333333
2 0.712109375 0.15885416666666666 0.0296875 0.027083333333333334
2 0.67109375 0.13177083333333334 0.0296875 0.025
2 0.28828125 0.4505208333333333 0.03671875 0.06041666666666667