2 0.35078125 0.06614583333333333 0.015625 0.025
2 0.69296875 0.5979166666666667 0.03359375 0.078125
2 0.651953125 0.7453125 0.028125 0.052083333333333336
2 0.184375 0.6276041666666666 0.01328125 0.030208333333333334
2 0.19140625 0.5265625 0.01953125 0.036458333333333336
2 0.20546875 0.49322916666666666 0.01953125 0.052083333333333336
2 0.22265625 0.45208333333333334 0.0265625 0.052083333333333336
3 0.723046875 0.39739583333333334 0.02734375 0.019791666666666666
2 0.48984375 0.14010416666666667 0.04140625 0.03958333333333333
2 0.398046875 0.14114583333333333 0.028125 0.041666666666666664
2 0.412890625 0.109375 0.03125 0.03229166666666667
2 0.403515625 0.059895833333333336 0.02890625 0.026041666666666668
2 0.368359375 0.09322916666666667 0.01875 0.023958333333333335
2 0.789453125 0.2234375 0.02109375 0.023958333333333335
2 0.819921875 0.2671875 0.01640625 0.025
2 0.61875 0.34270833333333334 0.0609375 0.09895833333333333
2 0.590625 0.5239583333333333 0.05390625 0.09166666666666666
1 0.53125 0.5640625 0.2 0.378125