2 0.57421875 0.3067708333333333 0.071875 0.07708333333333334
2 0.766796875 0.3953125 0.028125 0.05
2 0.791015625 0.42916666666666664 0.02421875 0.04791666666666667
2 0.80546875 0.4635416666666667 0.02578125 0.04375
2 0.32421875 0.5473958333333333 0.0546875 0.09895833333333333
2 0.3625 0.6072916666666667 0.06796875 0.09895833333333333
2 0.414453125 0.7317708333333334 0.04609375 0.078125
2 0.31796875 0.6541666666666667 0.04609375 0.08541666666666667
2 0.337890625 0.8567708333333334 0.02109375 0.03333333333333333
2 0.512890625 0.07708333333333334 0.03828125 0.041666666666666664
2 0.55625 0.03229166666666667 0.021875 0.020833333333333332
2 0.562890625 0.1125 0.04609375 0.053125
3 0.2734375 0.4322916666666667 0.02109375 0.026041666666666668
3 0.4 0.11510416666666666 0.01328125 0.03125
2 0.549609375 0.24322916666666666 0.08984375 0.09270833333333334
3 0.254296875 0.3921875 0.021875 0.022916666666666665