2 0.786328125 0.4125 0.02578125 0.04895833333333333
1 0.530078125 0.011979166666666667 0.04140625 0.023958333333333335
1 0.4953125 0.03333333333333333 0.05 0.05
1 0.41875 0.11041666666666666 0.1640625 0.134375
1 0.324609375 0.6213541666666667 0.12265625 0.240625
2 0.713671875 0.396875 0.04921875 0.07395833333333333
2 0.272265625 0.19791666666666666 0.04609375 0.040625
2 0.804296875 0.43802083333333336 0.021875 0.042708333333333334
2 0.56953125 0.05364583333333333 0.01953125 0.027083333333333334
2 0.569921875 0.15052083333333333 0.03203125 0.04895833333333333
2 0.544921875 0.11614583333333334 0.03359375 0.04791666666666667
2 0.5578125 0.0796875 0.02578125 0.034375
2 0.79609375 0.4625 0.02109375 0.03958333333333333
3 0.266796875 0.46145833333333336 0.021875 0.022916666666666665
2 0.762890625 0.375 0.03125 0.058333333333333334
2 0.73125 0.3328125 0.0359375 0.06145833333333333
2 0.7328125 0.3692708333333333 0.03359375 0.0625
3 0.186328125 0.49114583333333334 0.01640625 0.016666666666666666
2 0.58671875 0.29791666666666666 0.0828125 0.096875