2 0.658984375 0.44479166666666664 0.05546875 0.096875
2 0.34765625 0.08385416666666666 0.0171875 0.019791666666666666
2 0.425 0.19114583333333332 0.0453125 0.05520833333333333
2 0.376171875 0.12552083333333333 0.0234375 0.029166666666666667
2 0.19453125 0.540625 0.02109375 0.03958333333333333
2 0.20625 0.50625 0.01796875 0.04583333333333333
2 0.22109375 0.4630208333333333 0.028125 0.057291666666666664
2 0.71171875 0.7182291666666667 0.02421875 0.04479166666666667
2 0.70078125 0.634375 0.0296875 0.06979166666666667
2 0.582421875 0.5109375 0.05546875 0.09791666666666667
2 0.5171875 0.12135416666666667 0.06015625 0.029166666666666667
2 0.358203125 0.06354166666666666 0.01875 0.01875
1 0.373828125 0.20104166666666667 0.08828125 0.15729166666666666
3 0.7203125 0.3875 0.021875 0.013541666666666667