3 0.70625 0.6619791666666667 0.02109375 0.017708333333333333
2 0.73359375 0.3260416666666667 0.0296875 0.04583333333333333
2 0.7203125 0.3875 0.03125 0.06979166666666667
2 0.688671875 0.49375 0.04453125 0.09791666666666667
2 0.67109375 0.8921875 0.03046875 0.028125
2 0.34375 0.8369791666666667 0.02578125 0.040625
1 0.309765625 0.9296875 0.046875 0.035416666666666666
1 0.303515625 0.8286458333333333 0.05859375 0.09791666666666667
2 0.323046875 0.8572916666666667 0.0203125 0.028125
2 0.306640625 0.8703125 0.02421875 0.029166666666666667
2 0.29765625 0.8828125 0.01484375 0.01875
2 0.323828125 0.9130208333333333 0.0203125 0.023958333333333335
2 0.222265625 0.47760416666666666 0.028125 0.059375
2 0.21015625 0.43072916666666666 0.02265625 0.046875
2 0.201953125 0.39739583333333334 0.01953125 0.036458333333333336
3 0.215625 0.5411458333333333 0.02109375 0.020833333333333332
3 0.216015625 0.5276041666666667 0.02265625 0.014583333333333334
3 0.218359375 0.5171875 0.01796875 0.010416666666666666
3 0.2171875 0.509375 0.0171875 0.013541666666666667