1 0.2828125 0.784375 0.046875 0.071875
2 0.278125 0.5604166666666667 0.04375 0.09583333333333334
2 0.326953125 0.44635416666666666 0.06015625 0.10833333333333334
2 0.696484375 0.4708333333333333 0.0625 0.08333333333333333
2 0.77578125 0.5536458333333333 0.0234375 0.052083333333333336
2 0.787109375 0.6020833333333333 0.02890625 0.05416666666666667
2 0.787109375 0.6401041666666667 0.02734375 0.046875
2 0.67578125 0.18385416666666668 0.03203125 0.05
2 0.529296875 0.125 0.06328125 0.04583333333333333
2 0.43203125 0.09947916666666666 0.040625 0.041666666666666664
2 0.42578125 0.146875 0.05625 0.06354166666666666
2 0.35859375 0.1046875 0.03671875 0.04479166666666667
2 0.358203125 0.08177083333333333 0.03515625 0.034375
3 0.315234375 0.31354166666666666 0.021875 0.022916666666666665
3 0.234375 0.3015625 0.01875 0.017708333333333333
3 0.530078125 0.09739583333333333 0.01328125 0.021875