2 0.632421875 0.5104166666666666 0.05078125 0.096875
2 0.678125 0.5036458333333333 0.04765625 0.08854166666666667
2 0.701171875 0.6041666666666666 0.03671875 0.08020833333333334
2 0.70625 0.696875 0.02421875 0.06041666666666667
2 0.71015625 0.7520833333333333 0.01484375 0.036458333333333336
2 0.711328125 0.803125 0.01484375 0.027083333333333334
2 0.383984375 0.13385416666666666 0.03046875 0.04375
2 0.22421875 0.4609375 0.02421875 0.06770833333333333
2 0.205859375 0.5057291666666667 0.0234375 0.04479166666666667
2 0.193359375 0.5421875 0.0171875 0.036458333333333336
2 0.191796875 0.6385416666666667 0.01796875 0.03125
3 0.557421875 0.10260416666666666 0.0078125 0.023958333333333335
3 0.61171875 0.0734375 0.0046875 0.01875
3 0.60546875 0.071875 0.0078125 0.01875
3 0.7203125 0.38385416666666666 0.021875 0.023958333333333335
3 0.70859375 0.325 0.021875 0.016666666666666666
0 0.647265625 0.1390625 0.0203125 0.023958333333333335