2 0.558984375 0.4609375 0.06484375 0.11458333333333333
2 0.711328125 0.7848958333333333 0.01484375 0.035416666666666666
2 0.696484375 0.6010416666666667 0.0375 0.08125
2 0.6640625 0.16875 0.0375 0.035416666666666666
2 0.637109375 0.13802083333333334 0.04296875 0.027083333333333334
2 0.678515625 0.134375 0.03125 0.022916666666666665
2 0.70703125 0.1625 0.0296875 0.022916666666666665
2 0.740234375 0.17135416666666667 0.028125 0.027083333333333334
2 0.716796875 0.14583333333333334 0.03046875 0.022916666666666665
2 0.30625 0.390625 0.0390625 0.07291666666666667
2 0.246875 0.41302083333333334 0.0234375 0.053125
2 0.221484375 0.4635416666666667 0.02109375 0.04479166666666667
1 0.346875 0.1453125 0.053125 0.07916666666666666
1 0.56484375 0.2421875 0.14453125 0.203125
1 0.382421875 0.030729166666666665 0.04140625 0.030208333333333334
3 0.34296875 0.22864583333333333 0.01484375 0.022916666666666665
3 0.61640625 0.09791666666666667 0.00703125 0.01875
3 0.718359375 0.3958333333333333 0.01796875 0.01875
3 0.281640625 0.3140625 0.02265625 0.026041666666666668
2 0.208203125 0.5072916666666667 0.0171875 0.041666666666666664
2 0.194921875 0.5427083333333333 0.01328125 0.0375
2 0.41796875 0.1984375 0.0375 0.057291666666666664
2 0.375390625 0.11822916666666666 0.0265625 0.029166666666666667
2 0.348828125 0.08385416666666666 0.01875 0.025
2 0.664453125 0.7864583333333334 0.021875 0.0375
2 0.712109375 0.7291666666666666 0.02109375 0.04375