2 0.366796875 0.11145833333333334 0.01875 0.029166666666666667
3 0.223828125 0.4197916666666667 0.0171875 0.010416666666666666
2 0.35390625 0.09322916666666667 0.0171875 0.020833333333333332
2 0.34453125 0.07708333333333334 0.01484375 0.022916666666666665
2 0.378125 0.05677083333333333 0.02109375 0.01875
3 0.231640625 0.41302083333333334 0.01953125 0.0125
3 0.234375 0.4015625 0.0203125 0.013541666666666667
3 0.232421875 0.3921875 0.01796875 0.010416666666666666
3 0.235546875 0.38177083333333334 0.01796875 0.016666666666666666
1 0.36875 0.0328125 0.04375 0.022916666666666665
1 0.343359375 0.13385416666666666 0.05078125 0.090625
2 0.687109375 0.5453125 0.02734375 0.08854166666666667
2 0.750390625 0.17239583333333333 0.0265625 0.022916666666666665
2 0.70234375 0.6546875 0.0203125 0.057291666666666664
2 0.708984375 0.7192708333333333 0.02109375 0.040625
2 0.19296875 0.540625 0.015625 0.03958333333333333
2 0.20390625 0.5015625 0.01875 0.051041666666666666
2 0.221484375 0.46510416666666665 0.02109375 0.053125
2 0.38515625 0.13697916666666668 0.021875 0.036458333333333336
3 0.72578125 0.38177083333333334 0.01953125 0.016666666666666666