2 0.193359375 0.5421875 0.01875 0.03333333333333333
2 0.365625 0.18020833333333333 0.02734375 0.04375
2 0.222265625 0.4609375 0.01796875 0.03958333333333333
2 0.38828125 0.13958333333333334 0.0265625 0.040625
2 0.367578125 0.10989583333333333 0.01875 0.027083333333333334
2 0.35234375 0.090625 0.01328125 0.020833333333333332
2 0.3796875 0.0546875 0.0203125 0.019791666666666666
2 0.653515625 0.14010416666666667 0.0359375 0.028125
1 0.6921875 0.5619791666666667 0.0875 0.221875
2 0.7 0.13854166666666667 0.0328125 0.028125
2 0.73203125 0.16875 0.025 0.017708333333333333
2 0.751171875 0.16666666666666666 0.025 0.03125
3 0.790234375 0.39010416666666664 0.0125 0.015625
1 0.383203125 0.028125 0.0359375 0.029166666666666667
1 0.420703125 0.04895833333333333 0.0421875 0.042708333333333334
1 0.503515625 0.09166666666666666 0.12734375 0.09166666666666666
3 0.58046875 0.12916666666666668 0.01015625 0.026041666666666668
3 0.678515625 0.4161458333333333 0.0203125 0.0125
3 0.68125 0.38697916666666665 0.01953125 0.01875
2 0.708984375 0.7197916666666667 0.02109375 0.04479166666666667
2 0.247265625 0.41458333333333336 0.02421875 0.05625
2 0.20546875 0.5015625 0.015625 0.041666666666666664