3 0.72265625 0.3828125 0.01953125 0.013541666666666667
2 0.71015625 0.7203125 0.025 0.040625
2 0.704296875 0.6572916666666667 0.02421875 0.065625
2 0.685546875 0.5453125 0.034375 0.09166666666666666
2 0.71484375 0.1484375 0.028125 0.022916666666666665
2 0.38515625 0.134375 0.021875 0.036458333333333336
1 0.3625 0.0359375 0.04453125 0.026041666666666668
1 0.34453125 0.134375 0.0484375 0.08854166666666667
2 0.3671875 0.11041666666666666 0.01796875 0.025
2 0.35234375 0.09375 0.021875 0.025
2 0.344921875 0.0796875 0.01328125 0.016666666666666666
2 0.374609375 0.05520833333333333 0.01796875 0.020833333333333332
2 0.223046875 0.4640625 0.021875 0.05520833333333333
2 0.20546875 0.5078125 0.01796875 0.04375
2 0.19375 0.5390625 0.015625 0.03333333333333333
3 0.223828125 0.4 0.01953125 0.016666666666666666
3 0.22265625 0.41354166666666664 0.021875 0.010416666666666666
3 0.223828125 0.4244791666666667 0.0171875 0.007291666666666667
3 0.221875 0.4317708333333333 0.01640625 0.010416666666666666