2 0.365234375 0.178125 0.028125 0.04479166666666667
2 0.19296875 0.540625 0.01328125 0.03333333333333333
2 0.205859375 0.50625 0.01484375 0.04583333333333333
3 0.804296875 0.39895833333333336 0.01796875 0.015625
2 0.222265625 0.4609375 0.0203125 0.041666666666666664
2 0.244140625 0.4140625 0.0265625 0.057291666666666664
3 0.2828125 0.33541666666666664 0.01640625 0.019791666666666666
3 0.271875 0.34270833333333334 0.01484375 0.01875
2 0.676953125 0.13385416666666666 0.02421875 0.023958333333333335
2 0.6640625 0.16614583333333333 0.0375 0.029166666666666667
1 0.37578125 0.0265625 0.034375 0.029166666666666667
1 0.411328125 0.0421875 0.04375 0.03854166666666667
1 0.690234375 0.5625 0.0859375 0.21145833333333333
2 0.71015625 0.7192708333333333 0.02109375 0.04583333333333333
2 0.699609375 0.44635416666666666 0.0484375 0.09895833333333333
2 0.71796875 0.14479166666666668 0.03046875 0.023958333333333335
2 0.739453125 0.17135416666666667 0.02734375 0.029166666666666667
2 0.70625 0.16614583333333333 0.028125 0.023958333333333335
2 0.38828125 0.1421875 0.03046875 0.0375
1 0.494921875 0.09010416666666667 0.13046875 0.08541666666666667
2 0.63671875 0.14010416666666667 0.0375 0.025
2 0.71171875 0.7635416666666667 0.015625 0.028125
2 0.713671875 0.7942708333333334 0.01171875 0.022916666666666665
2 0.377734375 0.05625 0.021875 0.022916666666666665
2 0.353125 0.09114583333333333 0.0234375 0.022916666666666665
2 0.365625 0.10989583333333333 0.0234375 0.029166666666666667