2 0.793359375 0.4765625 0.02265625 0.04583333333333333
2 0.62421875 0.0828125 0.02109375 0.021875
2 0.612109375 0.09583333333333334 0.02578125 0.026041666666666668
2 0.59375 0.12760416666666666 0.028125 0.035416666666666666
0 0.762109375 0.453125 0.0234375 0.020833333333333332
3 0.63828125 0.20572916666666666 0.01796875 0.023958333333333335
3 0.65078125 0.20625 0.015625 0.027083333333333334
2 0.63203125 0.06614583333333333 0.015625 0.015625
2 0.599609375 0.04791666666666667 0.01953125 0.022916666666666665
2 0.3046875 0.8151041666666666 0.01875 0.030208333333333334
1 0.6359375 0.11927083333333334 0.05703125 0.0875
1 0.60625 0.0265625 0.0390625 0.035416666666666666
3 0.17890625 0.4234375 0.015625 0.014583333333333334
3 0.22109375 0.4197916666666667 0.01796875 0.014583333333333334
3 0.22265625 0.409375 0.02265625 0.011458333333333333
2 0.80859375 0.5114583333333333 0.01640625 0.041666666666666664
3 0.6390625 0.21875 0.0203125 0.023958333333333335
3 0.653125 0.23333333333333334 0.01484375 0.020833333333333332
3 0.717578125 0.2942708333333333 0.0171875 0.010416666666666666
2 0.315625 0.5614583333333333 0.0359375 0.09166666666666666
2 0.775 0.4375 0.0265625 0.05416666666666667