3 0.543359375 0.15677083333333333 0.0125 0.027083333333333334
1 0.62109375 0.11145833333333334 0.05859375 0.09166666666666666
3 0.448046875 0.5005208333333333 0.01953125 0.027083333333333334
3 0.435546875 0.4088541666666667 0.01875 0.03229166666666667
3 0.28984375 0.3932291666666667 0.0234375 0.016666666666666666
3 0.28671875 0.40677083333333336 0.02265625 0.015625
3 0.564453125 0.14427083333333332 0.01171875 0.019791666666666666
3 0.555859375 0.16458333333333333 0.01484375 0.026041666666666668
3 0.55703125 0.14114583333333333 0.01171875 0.019791666666666666
3 0.549609375 0.140625 0.00859375 0.019791666666666666
1 0.587890625 0.017708333333333333 0.04296875 0.030208333333333334
0 0.406640625 0.24791666666666667 0.0390625 0.03229166666666667
3 0.15703125 0.46145833333333336 0.01015625 0.008333333333333333
3 0.630859375 0.1921875 0.01875 0.025
2 0.580078125 0.0390625 0.0203125 0.026041666666666668
2 0.61484375 0.0578125 0.01875 0.019791666666666666
2 0.608203125 0.07083333333333333 0.021875 0.023958333333333335
2 0.59609375 0.090625 0.0265625 0.03229166666666667
2 0.5796875 0.11822916666666666 0.02734375 0.041666666666666664
2 0.80625 0.4921875 0.0203125 0.03854166666666667
2 0.78984375 0.4552083333333333 0.025 0.051041666666666666
2 0.771875 0.41822916666666665 0.03125 0.053125
2 0.31640625 0.5802083333333333 0.03984375 0.0875