2 0.793359375 0.5359375 0.0203125 0.04895833333333333
2 0.801953125 0.5671875 0.02109375 0.041666666666666664
1 0.332421875 0.81875 0.040625 0.06770833333333333
3 0.292578125 0.35885416666666664 0.0203125 0.021875
2 0.39921875 0.125 0.05078125 0.03333333333333333
2 0.348828125 0.11927083333333334 0.0359375 0.028125
2 0.305078125 0.14427083333333332 0.03828125 0.03854166666666667
2 0.348828125 0.15208333333333332 0.0390625 0.03854166666666667
2 0.4109375 0.5302083333333333 0.06640625 0.10729166666666666
2 0.273046875 0.7802083333333333 0.0171875 0.03854166666666667
2 0.716796875 0.4713541666666667 0.05078125 0.071875
2 0.780078125 0.49114583333333334 0.02421875 0.05520833333333333
2 0.37578125 0.20833333333333334 0.05625 0.059375
2 0.6671875 0.10364583333333334 0.02265625 0.029166666666666667
3 0.472265625 0.0921875 0.01328125 0.027083333333333334