3 0.176953125 0.5552083333333333 0.01484375 0.011458333333333333
3 0.177734375 0.5630208333333333 0.01484375 0.011458333333333333
3 0.71484375 0.6854166666666667 0.0234375 0.020833333333333332
3 0.71015625 0.7114583333333333 0.02109375 0.020833333333333332
3 0.719921875 0.6697916666666667 0.0203125 0.01875
3 0.731640625 0.6661458333333333 0.015625 0.014583333333333334
3 0.228515625 0.6109375 0.01796875 0.016666666666666666
3 0.781640625 0.5963541666666666 0.01875 0.0125
2 0.314453125 0.4354166666666667 0.0375 0.0875
2 0.3046875 0.321875 0.02734375 0.06145833333333333
2 0.303125 0.2453125 0.02265625 0.04791666666666667
2 0.81015625 0.48854166666666665 0.0203125 0.03958333333333333
2 0.794921875 0.5213541666666667 0.02109375 0.051041666666666666
2 0.776171875 0.5630208333333333 0.0234375 0.059375
2 0.5953125 0.8755208333333333 0.03203125 0.036458333333333336
2 0.61328125 0.9036458333333334 0.021875 0.03333333333333333
2 0.6265625 0.9192708333333334 0.01640625 0.026041666666666668
2 0.633203125 0.9375 0.01875 0.020833333333333332
1 0.635546875 0.978125 0.0359375 0.036458333333333336
1 0.605078125 0.9744791666666667 0.03828125 0.027083333333333334
1 0.636328125 0.8807291666666667 0.05625 0.08958333333333333
2 0.598828125 0.9520833333333333 0.02265625 0.020833333333333332