1 0.658984375 0.8458333333333333 0.03671875 0.06145833333333333
2 0.704296875 0.6302083333333334 0.028125 0.08958333333333333
2 0.677734375 0.5036458333333333 0.04375 0.096875
2 0.314453125 0.4083333333333333 0.0515625 0.06875
2 0.22265625 0.4630208333333333 0.01484375 0.04895833333333333
2 0.203125 0.50625 0.0203125 0.04895833333333333
2 0.19609375 0.5432291666666667 0.0203125 0.041666666666666664
2 0.38671875 0.13645833333333332 0.025 0.04375
2 0.539453125 0.1265625 0.06015625 0.027083333333333334
2 0.638671875 0.13333333333333333 0.0359375 0.03125
2 0.6359375 0.18125 0.04921875 0.04895833333333333
2 0.708984375 0.16197916666666667 0.03125 0.035416666666666666
2 0.71328125 0.14010416666666667 0.03125 0.025
3 0.71328125 0.37864583333333335 0.01953125 0.016666666666666666
3 0.79375 0.3932291666666667 0.0171875 0.0125
3 0.54375 0.09947916666666666 0.01015625 0.01875