2 0.435546875 0.48125 0.08359375 0.13229166666666667
2 0.346484375 0.8447916666666667 0.02109375 0.03958333333333333
2 0.327734375 0.6614583333333334 0.05078125 0.090625
2 0.280859375 0.23125 0.04296875 0.046875
2 0.301171875 0.19322916666666667 0.046875 0.040625
2 0.260546875 0.20260416666666667 0.034375 0.03229166666666667
2 0.237890625 0.2390625 0.0328125 0.03229166666666667
2 0.207421875 0.25885416666666666 0.03203125 0.035416666666666666
2 0.225390625 0.22604166666666667 0.03359375 0.03229166666666667
2 0.66796875 0.33125 0.05078125 0.08333333333333333
2 0.7296875 0.3338541666666667 0.03203125 0.059375
2 0.763671875 0.375 0.02890625 0.05
1 0.584375 0.10625 0.065625 0.09375
1 0.390234375 0.2708333333333333 0.17734375 0.24375
1 0.52890625 0.0140625 0.0453125 0.028125
3 0.603125 0.1859375 0.01875 0.027083333333333334
3 0.3140625 0.14739583333333334 0.01015625 0.020833333333333332
3 0.269140625 0.46927083333333336 0.02109375 0.023958333333333335
3 0.678125 0.24895833333333334 0.0265625 0.03229166666666667
2 0.784375 0.41302083333333334 0.02421875 0.04583333333333333
2 0.80390625 0.4432291666666667 0.01953125 0.040625
2 0.525 0.18072916666666666 0.046875 0.06770833333333333
2 0.5515625 0.08958333333333333 0.03125 0.036458333333333336
2 0.57109375 0.04739583333333333 0.02265625 0.030208333333333334
2 0.392578125 0.83125 0.028125 0.04375
2 0.3359375 0.790625 0.028125 0.04895833333333333