2 0.222265625 0.4635416666666667 0.021875 0.053125
3 0.71328125 0.3776041666666667 0.021875 0.021875
3 0.805078125 0.40208333333333335 0.0171875 0.0125
2 0.60546875 0.13541666666666666 0.04921875 0.03229166666666667
2 0.38515625 0.13020833333333334 0.0390625 0.041666666666666664
2 0.66328125 0.1671875 0.0453125 0.04375
2 0.66796875 0.13333333333333333 0.03125 0.025
2 0.712890625 0.1640625 0.03671875 0.028125
2 0.7578125 0.16666666666666666 0.0328125 0.036458333333333336
2 0.684375 0.5348958333333333 0.04296875 0.08958333333333333
2 0.711328125 0.6984375 0.01875 0.05416666666666667
1 0.651953125 0.8354166666666667 0.04375 0.06875
2 0.2984375 0.4328125 0.04609375 0.06770833333333333
3 0.542578125 0.1 0.01015625 0.026041666666666668
2 0.2046875 0.5083333333333333 0.01875 0.04791666666666667
2 0.19765625 0.5432291666666667 0.02109375 0.041666666666666664