2 0.5953125 0.8458333333333333 0.0328125 0.05
2 0.808203125 0.5239583333333333 0.0171875 0.035416666666666666
2 0.79140625 0.5552083333333333 0.0203125 0.04791666666666667
3 0.1875 0.5364583333333334 0.01953125 0.01875
2 0.769921875 0.5963541666666666 0.025 0.04583333333333333
2 0.742578125 0.6380208333333334 0.0328125 0.0625
3 0.6953125 0.7078125 0.01875 0.022916666666666665
3 0.70703125 0.703125 0.0171875 0.021875
2 0.282421875 0.8244791666666667 0.0265625 0.029166666666666667
2 0.298828125 0.7953125 0.040625 0.036458333333333336
1 0.5671875 0.9875 0.0375 0.025
1 0.533984375 0.9708333333333333 0.04765625 0.046875
1 0.31953125 0.3984375 0.109375 0.22708333333333333
2 0.31796875 0.23958333333333334 0.0265625 0.05
2 0.296484375 0.5114583333333333 0.059375 0.10833333333333334
2 0.24296875 0.8052083333333333 0.0328125 0.030208333333333334
2 0.225 0.7744791666666667 0.03046875 0.034375
2 0.25703125 0.7869791666666667 0.03046875 0.029166666666666667
2 0.568359375 0.8765625 0.034375 0.04375
1 0.45703125 0.9057291666666667 0.1390625 0.11145833333333334
2 0.32265625 0.8270833333333333 0.03984375 0.03229166666666667
2 0.321875 0.1953125 0.01875 0.03125
2 0.3234375 0.16458333333333333 0.0140625 0.025
2 0.56875 0.9635416666666666 0.02421875 0.027083333333333334
2 0.597265625 0.934375 0.02578125 0.027083333333333334
2 0.587109375 0.9135416666666667 0.0265625 0.03333333333333333