3 0.60390625 0.8203125 0.01796875 0.023958333333333335
2 0.8078125 0.5088541666666667 0.01953125 0.042708333333333334
2 0.3171875 0.42291666666666666 0.0421875 0.09375
2 0.771484375 0.5807291666666666 0.02890625 0.05520833333333333
2 0.791015625 0.5447916666666667 0.02265625 0.04791666666666667
2 0.578515625 0.8807291666666667 0.02734375 0.041666666666666664
2 0.596484375 0.9083333333333333 0.0234375 0.028125
2 0.60703125 0.9276041666666667 0.01953125 0.023958333333333335
2 0.614453125 0.9427083333333334 0.0171875 0.017708333333333333
2 0.58046875 0.9583333333333334 0.02265625 0.01875
1 0.588671875 0.9807291666666667 0.0421875 0.035416666666666666
1 0.622265625 0.8890625 0.059375 0.09479166666666666
0 0.6890625 0.63125 0.03359375 0.03229166666666667
3 0.683203125 0.7442708333333333 0.021875 0.027083333333333334
3 0.495703125 0.4005208333333333 0.01640625 0.026041666666666668
3 0.237890625 0.5848958333333333 0.015625 0.014583333333333334
3 0.236328125 0.5739583333333333 0.0171875 0.014583333333333334
3 0.615625 0.7973958333333333 0.0109375 0.019791666666666666
3 0.615234375 0.8161458333333333 0.01171875 0.019791666666666666
3 0.598828125 0.8078125 0.02109375 0.022916666666666665
3 0.168359375 0.5442708333333334 0.0125 0.010416666666666666