2 0.7890625 0.4244791666666667 0.0234375 0.04791666666666667
2 0.7796875 0.465625 0.0265625 0.057291666666666664
2 0.76328125 0.5265625 0.034375 0.058333333333333334
1 0.296875 0.19635416666666666 0.03828125 0.06145833333333333
3 0.302734375 0.6526041666666667 0.021875 0.020833333333333332
3 0.682421875 0.7239583333333334 0.015625 0.026041666666666668
3 0.69296875 0.7302083333333333 0.01484375 0.028125
3 0.47109375 0.9052083333333333 0.0109375 0.023958333333333335
2 0.66015625 0.9015625 0.0265625 0.025
2 0.2859375 0.42291666666666666 0.03828125 0.078125
2 0.52578125 0.8161458333333333 0.05703125 0.06458333333333334
2 0.31015625 0.878125 0.03046875 0.03333333333333333
2 0.33125 0.9015625 0.03203125 0.030208333333333334
2 0.340625 0.878125 0.0328125 0.030208333333333334
2 0.3734375 0.8994791666666667 0.03359375 0.030208333333333334
2 0.382421875 0.865625 0.0359375 0.034375
2 0.41171875 0.8854166666666666 0.04375 0.036458333333333336
2 0.622265625 0.8859375 0.03359375 0.03125
3 0.462890625 0.903125 0.01015625 0.022916666666666665
3 0.503515625 0.9109375 0.0140625 0.021875
3 0.49375 0.9135416666666667 0.0125 0.025
3 0.44921875 0.9083333333333333 0.01015625 0.017708333333333333
3 0.45625 0.9104166666666667 0.0078125 0.019791666666666666
3 0.462109375 0.9135416666666667 0.009375 0.017708333333333333
2 0.671484375 0.8463541666666666 0.02421875 0.03229166666666667
2 0.34765625 0.8109375 0.03828125 0.053125
2 0.417578125 0.5078125 0.07109375 0.12395833333333334
2 0.733984375 0.4578125 0.03828125 0.07083333333333333
2 0.79375 0.38958333333333334 0.0234375 0.04375