1 0.6484375 0.11822916666666666 0.0484375 0.075
3 0.287109375 0.3296875 0.02421875 0.027083333333333334
2 0.61015625 0.053125 0.01953125 0.019791666666666666
1 0.62109375 0.03125 0.04296875 0.03229166666666667
2 0.63671875 0.084375 0.01875 0.020833333333333332
2 0.79296875 0.49322916666666666 0.01953125 0.04583333333333333
2 0.77734375 0.45208333333333334 0.025 0.05416666666666667
3 0.26796875 0.40520833333333334 0.021875 0.013541666666666667
2 0.80625 0.525 0.01328125 0.0375
2 0.623046875 0.10572916666666667 0.02421875 0.03333333333333333
3 0.424609375 0.10416666666666667 0.0078125 0.023958333333333335
2 0.604296875 0.13072916666666667 0.02109375 0.034375
3 0.445703125 0.09791666666666667 0.01328125 0.027083333333333334
3 0.5 0.07864583333333333 0.0125 0.03333333333333333
3 0.41796875 0.11145833333333334 0.0078125 0.029166666666666667
3 0.28359375 0.4083333333333333 0.02109375 0.017708333333333333
3 0.43359375 0.10677083333333333 0.0109375 0.030208333333333334