2 0.709765625 0.7223958333333333 0.021875 0.04791666666666667
2 0.205859375 0.5046875 0.01875 0.04895833333333333
2 0.19375 0.5411458333333333 0.01796875 0.04583333333333333
2 0.3859375 0.13802083333333334 0.021875 0.035416666666666666
2 0.368359375 0.10989583333333333 0.021875 0.027083333333333334
2 0.3546875 0.0921875 0.015625 0.028125
3 0.246484375 0.3802083333333333 0.01953125 0.013541666666666667
3 0.242578125 0.39427083333333335 0.01796875 0.015625
3 0.233984375 0.40208333333333335 0.01484375 0.0125
3 0.7328125 0.35625 0.021875 0.0125
1 0.34296875 0.134375 0.0515625 0.08854166666666667
3 0.24765625 0.35625 0.01953125 0.0125
2 0.378515625 0.058854166666666666 0.0203125 0.022916666666666665
2 0.34453125 0.08072916666666667 0.00859375 0.020833333333333332
1 0.36875 0.03697916666666667 0.04140625 0.027083333333333334
3 0.247265625 0.3692708333333333 0.0203125 0.010416666666666666
2 0.688671875 0.546875 0.03671875 0.08541666666666667
2 0.7046875 0.6583333333333333 0.02109375 0.06145833333333333
2 0.22265625 0.46510416666666665 0.0234375 0.053125