2 0.205859375 0.50625 0.02109375 0.052083333333333336
2 0.19453125 0.5427083333333333 0.01484375 0.0375
2 0.627734375 0.5057291666666667 0.0453125 0.10104166666666667
2 0.676953125 0.5046875 0.0453125 0.09375
2 0.701171875 0.6036458333333333 0.0328125 0.084375
2 0.707421875 0.69375 0.021875 0.06354166666666666
2 0.71015625 0.7484375 0.0171875 0.040625
2 0.71015625 0.7869791666666667 0.01015625 0.025
2 0.712109375 0.16302083333333334 0.02734375 0.03229166666666667
2 0.6703125 0.16197916666666667 0.0375 0.03229166666666667
2 0.38828125 0.13333333333333333 0.03046875 0.03958333333333333
3 0.81640625 0.39375 0.01484375 0.013541666666666667
2 0.219921875 0.46145833333333336 0.0265625 0.052083333333333336