2 0.7078125 0.6932291666666667 0.02109375 0.04791666666666667
2 0.810546875 0.24791666666666667 0.0203125 0.03333333333333333
2 0.683984375 0.5427083333333333 0.0421875 0.08854166666666667
2 0.4375 0.2109375 0.04921875 0.065625
2 0.22265625 0.4588541666666667 0.02734375 0.06041666666666667
2 0.665234375 0.775 0.02421875 0.040625
2 0.343359375 0.07708333333333334 0.01875 0.019791666666666666
1 0.442578125 0.346875 0.17109375 0.3333333333333333
2 0.58203125 0.27291666666666664 0.06328125 0.084375
2 0.19453125 0.5411458333333333 0.02109375 0.035416666666666666
2 0.3765625 0.08125 0.021875 0.019791666666666666
3 0.7203125 0.38697916666666665 0.02890625 0.015625
2 0.5640625 0.44479166666666664 0.0671875 0.11041666666666666
2 0.3625 0.10208333333333333 0.025 0.03125
2 0.20546875 0.5036458333333333 0.0203125 0.04583333333333333
2 0.436328125 0.0859375 0.0328125 0.03229166666666667