3 0.446484375 0.8723958333333334 0.0109375 0.027083333333333334
2 0.371875 0.48854166666666665 0.05390625 0.103125
2 0.324609375 0.4875 0.04765625 0.096875
2 0.3046875 0.3854166666666667 0.03671875 0.08229166666666667
2 0.29609375 0.240625 0.01640625 0.034375
2 0.296484375 0.20208333333333334 0.01953125 0.03333333333333333
2 0.775 0.553125 0.025 0.046875
2 0.794140625 0.5098958333333333 0.01875 0.046875
2 0.80546875 0.4734375 0.015625 0.042708333333333334
2 0.603515625 0.8708333333333333 0.028125 0.040625
3 0.2296875 0.6203125 0.01796875 0.019791666666666666
3 0.23828125 0.50625 0.02734375 0.019791666666666666
2 0.298046875 0.29375 0.028125 0.05520833333333333
3 0.38515625 0.7208333333333333 0.01328125 0.034375
3 0.342578125 0.5958333333333333 0.02265625 0.03333333333333333