2 0.708984375 0.6973958333333333 0.0234375 0.05625
2 0.7015625 0.603125 0.0375 0.08229166666666667
2 0.710546875 0.7479166666666667 0.01796875 0.03958333333333333
2 0.710546875 0.7880208333333333 0.0203125 0.035416666666666666
2 0.803125 0.24114583333333334 0.01796875 0.025
2 0.20703125 0.5041666666666667 0.01875 0.04479166666666667
3 0.7109375 0.34270833333333334 0.021875 0.027083333333333334
3 0.680078125 0.3614583333333333 0.021875 0.019791666666666666
3 0.440234375 0.49375 0.0171875 0.021875
3 0.377734375 0.28229166666666666 0.025 0.029166666666666667
3 0.496484375 0.23385416666666667 0.01953125 0.03958333333333333
0 0.540234375 0.3411458333333333 0.03125 0.030208333333333334
0 0.48671875 0.35989583333333336 0.03671875 0.022916666666666665
2 0.22265625 0.4635416666666667 0.025 0.053125
2 0.193359375 0.5411458333333333 0.01875 0.040625
2 0.38671875 0.13229166666666667 0.025 0.0375
2 0.628515625 0.5046875 0.05546875 0.10520833333333333
2 0.6765625 0.5036458333333333 0.0375 0.090625