2 0.20546875 0.5072916666666667 0.01796875 0.04479166666666667
2 0.219921875 0.46927083333333336 0.0203125 0.053125
2 0.244140625 0.41302083333333334 0.028125 0.053125
1 0.660546875 0.8458333333333333 0.03125 0.05520833333333333
3 0.7140625 0.3953125 0.0203125 0.016666666666666666
3 0.349609375 0.23697916666666666 0.0125 0.023958333333333335
3 0.33984375 0.22864583333333333 0.01171875 0.026041666666666668
3 0.58125 0.1078125 0.0078125 0.022916666666666665
2 0.39453125 0.0671875 0.02421875 0.019791666666666666
2 0.70078125 0.6255208333333333 0.0296875 0.071875
2 0.515625 0.1828125 0.05078125 0.05416666666666667
2 0.736328125 0.17135416666666667 0.02734375 0.027083333333333334
2 0.718359375 0.14375 0.0296875 0.023958333333333335
2 0.70625 0.16458333333333333 0.03046875 0.023958333333333335
2 0.6765625 0.1359375 0.03125 0.022916666666666665
2 0.66328125 0.1671875 0.0328125 0.027083333333333334
2 0.637109375 0.140625 0.040625 0.027083333333333334
2 0.4296875 0.09166666666666666 0.03125 0.023958333333333335
3 0.5890625 0.11145833333333334 0.00703125 0.021875
3 0.55 0.09427083333333333 0.01171875 0.019791666666666666
3 0.56015625 0.09427083333333333 0.009375 0.022916666666666665
3 0.603125 0.109375 0.0078125 0.016666666666666666
3 0.596484375 0.10572916666666667 0.00546875 0.01875
3 0.591015625 0.1015625 0.00703125 0.016666666666666666
2 0.376171875 0.11927083333333334 0.02109375 0.028125
2 0.690625 0.22916666666666666 0.0328125 0.04583333333333333
2 0.58203125 0.5114583333333333 0.05703125 0.1125
2 0.2640625 0.4875 0.03046875 0.06458333333333334
2 0.196484375 0.540625 0.01875 0.03958333333333333