1 0.344140625 0.13385416666666666 0.0515625 0.084375
3 0.48515625 0.08333333333333333 0.0125 0.022916666666666665
3 0.52421875 0.0984375 0.0125 0.029166666666666667
2 0.377734375 0.058333333333333334 0.01796875 0.015625
3 0.56328125 0.1109375 0.0078125 0.026041666666666668
3 0.54921875 0.109375 0.01015625 0.022916666666666665
3 0.55546875 0.0984375 0.01171875 0.026041666666666668
3 0.72890625 0.39375 0.01796875 0.013541666666666667
2 0.344140625 0.07916666666666666 0.015625 0.020833333333333332
2 0.223046875 0.46510416666666665 0.021875 0.05625
2 0.205859375 0.50625 0.01875 0.04583333333333333
2 0.19609375 0.5421875 0.01796875 0.03958333333333333
1 0.369140625 0.035416666666666666 0.03984375 0.023958333333333335
3 0.708984375 0.3229166666666667 0.021875 0.025
3 0.71484375 0.3953125 0.02734375 0.016666666666666666
2 0.38671875 0.13489583333333333 0.0171875 0.035416666666666666
2 0.3671875 0.10833333333333334 0.01796875 0.03229166666666667
2 0.351953125 0.0921875 0.01484375 0.022916666666666665