3 0.531640625 0.9057291666666667 0.01484375 0.03229166666666667
3 0.3140625 0.6885416666666667 0.02421875 0.022916666666666665
2 0.775390625 0.44635416666666666 0.03125 0.059375
2 0.782421875 0.40208333333333335 0.03046875 0.04791666666666667
1 0.29375 0.22552083333333334 0.053125 0.07708333333333334
2 0.2359375 0.26979166666666665 0.01796875 0.034375
2 0.280859375 0.26979166666666665 0.02890625 0.04791666666666667
2 0.448828125 0.8921875 0.053125 0.04791666666666667
2 0.316796875 0.825 0.03828125 0.04583333333333333
2 0.78828125 0.3625 0.025 0.04479166666666667
2 0.397265625 0.8770833333333333 0.04453125 0.04375
2 0.25390625 0.34479166666666666 0.028125 0.04375
2 0.692578125 0.8317708333333333 0.03359375 0.041666666666666664
2 0.35625 0.8994791666666667 0.03359375 0.035416666666666666
2 0.40078125 0.9125 0.03359375 0.03333333333333333
2 0.714453125 0.4796875 0.046875 0.07083333333333333