2 0.229296875 0.4109375 0.02890625 0.05520833333333333
2 0.64375 0.4041666666666667 0.06640625 0.10625
1 0.583203125 0.7572916666666667 0.109375 0.19479166666666667
2 0.4703125 0.13385416666666666 0.0421875 0.04375
2 0.780078125 0.22395833333333334 0.040625 0.04375
2 0.543359375 0.1734375 0.05703125 0.06354166666666666
2 0.4296875 0.1359375 0.028125 0.04375
2 0.398828125 0.071875 0.02578125 0.03125
2 0.415234375 0.026041666666666668 0.0203125 0.019791666666666666
2 0.458984375 0.06927083333333334 0.02890625 0.03229166666666667
2 0.636328125 0.7864583333333334 0.02734375 0.04479166666666667
2 0.19765625 0.540625 0.02421875 0.036458333333333336
2 0.193359375 0.4895833333333333 0.02421875 0.036458333333333336
2 0.209375 0.45364583333333336 0.02265625 0.046875
2 0.496484375 0.26927083333333335 0.0625 0.08333333333333333
3 0.729296875 0.4276041666666667 0.021875 0.022916666666666665