3 0.2359375 0.5552083333333333 0.02265625 0.022916666666666665
3 0.384765625 0.8744791666666667 0.01484375 0.029166666666666667
2 0.511328125 0.9421875 0.0296875 0.025
2 0.42734375 0.871875 0.0578125 0.04375
2 0.37109375 0.7854166666666667 0.0671875 0.0625
2 0.541796875 0.8895833333333333 0.03359375 0.04791666666666667
2 0.6265625 0.665625 0.071875 0.08333333333333333
2 0.7625 0.6229166666666667 0.03046875 0.057291666666666664
2 0.7859375 0.5911458333333334 0.02578125 0.04583333333333333
2 0.803515625 0.5588541666666667 0.025 0.04375
2 0.4265625 0.43020833333333336 0.07578125 0.140625
2 0.32890625 0.440625 0.05859375 0.10625
3 0.26953125 0.5484375 0.025 0.023958333333333335
2 0.359765625 0.284375 0.04765625 0.07916666666666666
2 0.324609375 0.33489583333333334 0.0453125 0.08125