2 0.79140625 0.5541666666666667 0.02578125 0.05520833333333333
2 0.79921875 0.5921875 0.01796875 0.03958333333333333
2 0.37265625 0.48489583333333336 0.05390625 0.10729166666666666
2 0.323828125 0.47604166666666664 0.05390625 0.1
2 0.291015625 0.5703125 0.040625 0.08958333333333333
2 0.2765625 0.6588541666666666 0.02734375 0.06666666666666667
2 0.26875 0.7125 0.02109375 0.042708333333333334
2 0.265234375 0.7505208333333333 0.0125 0.026041666666666668
2 0.3203125 0.13125 0.03046875 0.036458333333333336
2 0.36171875 0.13697916666666668 0.03984375 0.03854166666666667
2 0.64453125 0.15416666666666667 0.03359375 0.04375
3 0.195703125 0.34322916666666664 0.015625 0.015625
2 0.781640625 0.5072916666666667 0.03125 0.05625