3 0.7140625 0.3140625 0.01640625 0.022916666666666665
2 0.220703125 0.46510416666666665 0.0171875 0.04791666666666667
2 0.675 0.5015625 0.0453125 0.09479166666666666
2 0.7 0.6041666666666666 0.0390625 0.08541666666666667
2 0.710546875 0.7666666666666667 0.0203125 0.035416666666666666
2 0.646484375 0.7890625 0.03046875 0.0375
2 0.2046875 0.5046875 0.0171875 0.040625
2 0.19453125 0.5432291666666667 0.0171875 0.03958333333333333
2 0.38515625 0.13541666666666666 0.03046875 0.040625
2 0.272265625 0.4203125 0.04375 0.084375
2 0.3921875 0.06302083333333333 0.02421875 0.028125
2 0.46796875 0.22916666666666666 0.040625 0.05416666666666667
2 0.669140625 0.16302083333333334 0.03359375 0.029166666666666667
2 0.628515625 0.5083333333333333 0.0515625 0.109375
3 0.54296875 0.1 0.01171875 0.029166666666666667
3 0.712109375 0.37552083333333336 0.01953125 0.019791666666666666