3 0.81953125 0.41510416666666666 0.0140625 0.010416666666666666
3 0.818359375 0.40729166666666666 0.0140625 0.010416666666666666
3 0.27578125 0.33489583333333334 0.02265625 0.01875
3 0.279296875 0.30885416666666665 0.0203125 0.01875
3 0.271875 0.35104166666666664 0.01953125 0.016666666666666666
3 0.26015625 0.35572916666666665 0.01484375 0.013541666666666667
3 0.76484375 0.3640625 0.0171875 0.015625
3 0.2140625 0.43020833333333336 0.01796875 0.010416666666666666
2 0.688671875 0.5473958333333333 0.0328125 0.084375
2 0.704296875 0.659375 0.02421875 0.059375
2 0.709765625 0.7359375 0.0203125 0.04583333333333333
2 0.191015625 0.5401041666666667 0.01875 0.0375
2 0.2046875 0.50625 0.01875 0.04895833333333333
2 0.22109375 0.4630208333333333 0.0203125 0.057291666666666664
2 0.38515625 0.134375 0.03046875 0.03333333333333333
2 0.366015625 0.1078125 0.0203125 0.03125
2 0.351953125 0.09375 0.01484375 0.025
2 0.344140625 0.07604166666666666 0.01796875 0.01875
1 0.33984375 0.035416666666666666 0.034375 0.03333333333333333
1 0.3703125 0.036458333333333336 0.0375 0.023958333333333335
1 0.344140625 0.1328125 0.0515625 0.08541666666666667
2 0.377734375 0.058333333333333334 0.021875 0.01875