3 0.4234375 0.8984375 0.00859375 0.019791666666666666
3 0.34296875 0.8822916666666667 0.0078125 0.01875
3 0.336328125 0.8776041666666666 0.01015625 0.019791666666666666
3 0.2796875 0.5864583333333333 0.02265625 0.020833333333333332
3 0.64921875 0.7833333333333333 0.0125 0.022916666666666665
3 0.640234375 0.7765625 0.0125 0.022916666666666665
1 0.3703125 0.18072916666666666 0.05 0.075
1 0.6109375 0.9614583333333333 0.03515625 0.03125
1 0.596875 0.9791666666666666 0.04375 0.035416666666666666
2 0.807421875 0.48072916666666665 0.01484375 0.034375
2 0.79375 0.5140625 0.021875 0.04479166666666667
2 0.776953125 0.55625 0.01953125 0.04479166666666667
2 0.748828125 0.6036458333333333 0.02421875 0.053125
2 0.38515625 0.66875 0.06640625 0.09375
2 0.466796875 0.8104166666666667 0.05234375 0.053125
2 0.56875 0.9265625 0.02890625 0.025
2 0.38203125 0.38645833333333335 0.03984375 0.08645833333333333
2 0.30625 0.38333333333333336 0.02734375 0.07604166666666666
2 0.340234375 0.20885416666666667 0.025 0.042708333333333334
2 0.34765625 0.8536458333333333 0.04375 0.030208333333333334
2 0.321875 0.8213541666666667 0.0421875 0.028125
2 0.305859375 0.853125 0.03671875 0.034375
2 0.278125 0.8203125 0.03203125 0.029166666666666667
2 0.26796875 0.8401041666666667 0.03203125 0.025
2 0.24765625 0.8135416666666667 0.03359375 0.030208333333333334
3 0.3421875 0.8953125 0.00859375 0.022916666666666665
3 0.431640625 0.9010416666666666 0.01015625 0.025