2 0.36796875 0.48385416666666664 0.05625 0.10520833333333333
3 0.50078125 0.09427083333333333 0.01484375 0.029166666666666667
2 0.325390625 0.4713541666666667 0.05 0.09895833333333333
2 0.29296875 0.5661458333333333 0.0421875 0.08125
2 0.26875 0.6838541666666667 0.0265625 0.052083333333333336
2 0.306640625 0.7901041666666667 0.0234375 0.036458333333333336
2 0.779296875 0.5864583333333333 0.02578125 0.051041666666666666
2 0.794921875 0.7104166666666667 0.02109375 0.03854166666666667
2 0.780078125 0.5151041666666667 0.02578125 0.057291666666666664
2 0.79375 0.5588541666666667 0.02265625 0.052083333333333336
2 0.799609375 0.5958333333333333 0.0203125 0.036458333333333336
2 0.57734375 0.14479166666666668 0.03203125 0.04895833333333333
2 0.49140625 0.19166666666666668 0.0546875 0.042708333333333334
2 0.649609375 0.1609375 0.034375 0.04895833333333333
2 0.672265625 0.078125 0.01953125 0.019791666666666666
3 0.307421875 0.2755208333333333 0.01875 0.025
3 0.3 0.340625 0.021875 0.021875