2 0.6921875 0.15833333333333333 0.03984375 0.028125
2 0.362890625 0.17135416666666667 0.03046875 0.04583333333333333
2 0.259375 0.49114583333333334 0.0359375 0.057291666666666664
2 0.646484375 0.1640625 0.0390625 0.025
2 0.388671875 0.14270833333333333 0.0296875 0.036458333333333336
2 0.3578125 0.35625 0.06171875 0.07708333333333334
1 0.69609375 0.5854166666666667 0.0765625 0.20520833333333333
1 0.38359375 0.030729166666666665 0.03671875 0.030208333333333334
1 0.421484375 0.04739583333333333 0.0484375 0.04583333333333333
2 0.223046875 0.4630208333333333 0.015625 0.04583333333333333
1 0.644921875 0.12864583333333332 0.13515625 0.04583333333333333
3 0.7171875 0.3885416666666667 0.02265625 0.015625
2 0.247265625 0.41302083333333334 0.021875 0.053125
2 0.20625 0.50625 0.0203125 0.04895833333333333
2 0.19453125 0.5427083333333333 0.01484375 0.040625
2 0.36328125 0.10729166666666666 0.01875 0.029166666666666667
2 0.348828125 0.08489583333333334 0.0125 0.027083333333333334
2 0.744140625 0.15989583333333332 0.034375 0.025