2 0.26171875 0.6151041666666667 0.0296875 0.053125
2 0.248828125 0.14947916666666666 0.02578125 0.03958333333333333
2 0.3140625 0.47760416666666666 0.0578125 0.1
2 0.61640625 0.2421875 0.06015625 0.08020833333333334
2 0.77578125 0.5557291666666667 0.03828125 0.06770833333333333
2 0.287109375 0.7088541666666667 0.03125 0.04791666666666667
2 0.733203125 0.1453125 0.021875 0.026041666666666668
1 0.58515625 0.371875 0.2296875 0.38125
2 0.46484375 0.2526041666666667 0.07734375 0.103125
2 0.787109375 0.6453125 0.02734375 0.041666666666666664
2 0.700390625 0.13802083333333334 0.025 0.027083333333333334
3 0.308984375 0.3145833333333333 0.03125 0.025
2 0.448828125 0.4244791666666667 0.08671875 0.13020833333333334
2 0.71015625 0.16302083333333334 0.03046875 0.03854166666666667
2 0.78359375 0.6052083333333333 0.02890625 0.051041666666666666
2 0.641796875 0.121875 0.03828125 0.042708333333333334