2 0.384375 0.12447916666666667 0.03984375 0.036458333333333336
2 0.248828125 0.7244791666666667 0.02421875 0.03229166666666667
2 0.2546875 0.684375 0.02421875 0.041666666666666664
2 0.265234375 0.634375 0.0328125 0.06354166666666666
2 0.792578125 0.6229166666666667 0.02734375 0.05
2 0.785546875 0.5869791666666667 0.028125 0.053125
2 0.7765625 0.5416666666666666 0.02890625 0.051041666666666666
2 0.287109375 0.5458333333333333 0.04921875 0.09270833333333334
2 0.36953125 0.46770833333333334 0.07109375 0.10729166666666666
2 0.3265625 0.453125 0.065625 0.11145833333333334
3 0.7 0.378125 0.02734375 0.030208333333333334
3 0.503515625 0.09947916666666666 0.01875 0.036458333333333336
2 0.666796875 0.17135416666666667 0.03203125 0.04375