2 0.633203125 0.1015625 0.03515625 0.03125
1 0.364453125 0.06979166666666667 0.04921875 0.05
1 0.3234375 0.05625 0.03984375 0.036458333333333336
3 0.25078125 0.42552083333333335 0.03125 0.028125
1 0.455859375 0.09375 0.14375 0.11458333333333333
1 0.695703125 0.5197916666666667 0.10234375 0.22604166666666667
2 0.240234375 0.465625 0.028125 0.06041666666666667
2 0.2203125 0.5197916666666667 0.021875 0.046875
2 0.210546875 0.5671875 0.0234375 0.04895833333333333
2 0.20390625 0.603125 0.01875 0.040625
2 0.699609375 0.4265625 0.05625 0.10104166666666667
2 0.7328125 0.6713541666666667 0.02734375 0.05625
2 0.7390625 0.7171875 0.02109375 0.034375
2 0.329296875 0.2078125 0.03203125 0.04583333333333333
2 0.346484375 0.16822916666666668 0.028125 0.04583333333333333
2 0.322265625 0.14583333333333334 0.025 0.03333333333333333
2 0.307421875 0.12916666666666668 0.0171875 0.022916666666666665
2 0.3296875 0.08489583333333334 0.0234375 0.023958333333333335
2 0.700390625 0.1265625 0.03671875 0.03333333333333333
2 0.672265625 0.10364583333333334 0.03046875 0.030208333333333334
2 0.666015625 0.12395833333333334 0.0296875 0.029166666666666667
2 0.6203125 0.13854166666666667 0.0421875 0.028125
2 0.59375 0.10989583333333333 0.0390625 0.03229166666666667
2 0.74609375 0.7447916666666666 0.0203125 0.030208333333333334