3 0.28671875 0.63125 0.0234375 0.021875
3 0.248828125 0.6541666666666667 0.02109375 0.017708333333333333
2 0.271484375 0.859375 0.025 0.03125
2 0.501953125 0.8588541666666667 0.06875 0.042708333333333334
2 0.63125 0.9239583333333333 0.02890625 0.022916666666666665
2 0.66640625 0.8958333333333334 0.01640625 0.023958333333333335
2 0.653125 0.8765625 0.025 0.03125
2 0.6296875 0.846875 0.0296875 0.04375
2 0.280078125 0.29791666666666666 0.01953125 0.046875
2 0.80234375 0.4296875 0.01953125 0.040625
2 0.75859375 0.5619791666666667 0.0296875 0.05625
2 0.778515625 0.5083333333333333 0.0234375 0.04791666666666667
2 0.794140625 0.4666666666666667 0.02578125 0.046875
1 0.30625 0.4578125 0.09921875 0.23020833333333332
1 0.519140625 0.9078125 0.14296875 0.09791666666666667
2 0.6484375 0.6286458333333333 0.06484375 0.07083333333333333
1 0.600390625 0.9427083333333334 0.0515625 0.046875
2 0.650390625 0.8098958333333334 0.0265625 0.04583333333333333
1 0.6421875 0.9588541666666667 0.03671875 0.027083333333333334