2 0.23515625 0.20625 0.03515625 0.03125
2 0.247265625 0.2234375 0.0328125 0.030208333333333334
2 0.275390625 0.18541666666666667 0.03125 0.022916666666666665
2 0.291015625 0.21302083333333333 0.03671875 0.03333333333333333
2 0.3140625 0.1796875 0.03671875 0.035416666666666666
2 0.542578125 0.043229166666666666 0.0203125 0.028125
2 0.50859375 0.08958333333333333 0.03046875 0.029166666666666667
2 0.470703125 0.14166666666666666 0.04453125 0.041666666666666664
2 0.307421875 0.8010416666666667 0.0234375 0.04791666666666667
2 0.34140625 0.46822916666666664 0.06953125 0.12083333333333333
2 0.738671875 0.35052083333333334 0.03125 0.059375
2 0.769140625 0.3890625 0.03046875 0.05
2 0.7890625 0.43072916666666666 0.0234375 0.04375
2 0.80546875 0.4630208333333333 0.01875 0.040625
3 0.321875 0.134375 0.0140625 0.028125
3 0.316015625 0.14270833333333333 0.0109375 0.023958333333333335
3 0.331640625 0.15052083333333333 0.0109375 0.027083333333333334
3 0.3375 0.14114583333333333 0.01328125 0.028125
3 0.39140625 0.11197916666666667 0.01484375 0.026041666666666668
3 0.38125 0.11979166666666667 0.01171875 0.028125
3 0.272265625 0.45260416666666664 0.02578125 0.022916666666666665
3 0.619921875 0.1890625 0.01484375 0.025
3 0.608984375 0.203125 0.0203125 0.03229166666666667
1 0.39296875 0.8776041666666666 0.040625 0.058333333333333334
1 0.54921875 0.011979166666666667 0.040625 0.023958333333333335
1 0.573828125 0.016145833333333335 0.03203125 0.03229166666666667
1 0.58203125 0.065625 0.04296875 0.05625
2 0.218359375 0.23802083333333332 0.0359375 0.035416666666666666