2 0.339453125 0.0734375 0.01484375 0.023958333333333335
2 0.6953125 0.5890625 0.03125 0.07708333333333334
2 0.658203125 0.7380208333333333 0.0265625 0.051041666666666666
2 0.187890625 0.6421875 0.0125 0.029166666666666667
2 0.1921875 0.5411458333333333 0.01875 0.035416666666666666
2 0.20546875 0.5067708333333333 0.01796875 0.051041666666666666
2 0.221484375 0.46510416666666665 0.025 0.051041666666666666
3 0.7203125 0.38697916666666665 0.0265625 0.01875
2 0.48046875 0.140625 0.040625 0.0375
2 0.388671875 0.14635416666666667 0.02734375 0.040625
2 0.402734375 0.11354166666666667 0.03046875 0.03125
2 0.3921875 0.06458333333333334 0.028125 0.025
2 0.3578125 0.09947916666666666 0.01796875 0.022916666666666665
2 0.78203125 0.20989583333333334 0.0203125 0.022916666666666665
2 0.813671875 0.2526041666666667 0.015625 0.023958333333333335
2 0.614453125 0.3375 0.05859375 0.09583333333333334
2 0.591015625 0.5197916666666667 0.0515625 0.08958333333333333
1 0.5328125 0.5625 0.190625 0.3697916666666667