2 0.38984375 0.14270833333333333 0.02734375 0.036458333333333336
2 0.368359375 0.10989583333333333 0.021875 0.029166666666666667
2 0.351953125 0.08958333333333333 0.0171875 0.022916666666666665
2 0.629296875 0.13802083333333334 0.0421875 0.0375
2 0.712890625 0.7463541666666667 0.0203125 0.03958333333333333
2 0.2984375 0.4270833333333333 0.0484375 0.06145833333333333
2 0.243359375 0.4140625 0.0203125 0.05416666666666667
2 0.221484375 0.46197916666666666 0.02109375 0.04791666666666667
2 0.205859375 0.5046875 0.02109375 0.04583333333333333
2 0.193359375 0.5411458333333333 0.0171875 0.035416666666666666
3 0.7828125 0.3807291666666667 0.01640625 0.015625
3 0.71796875 0.3885416666666667 0.021875 0.015625
1 0.50234375 0.09427083333333333 0.13671875 0.090625
1 0.421484375 0.04895833333333333 0.04375 0.042708333333333334
1 0.383203125 0.029166666666666667 0.0359375 0.027083333333333334
1 0.69140625 0.5619791666666667 0.08125 0.228125
2 0.46171875 0.17291666666666666 0.03046875 0.057291666666666664
2 0.3671875 0.18125 0.028125 0.040625