3 0.72578125 0.41458333333333336 0.0171875 0.0125
3 0.7171875 0.3890625 0.0203125 0.022916666666666665
1 0.419921875 0.051041666666666666 0.04921875 0.03854166666666667
1 0.50390625 0.09114583333333333 0.1328125 0.0875
1 0.6890625 0.5588541666666667 0.08359375 0.215625
1 0.382421875 0.028125 0.03671875 0.03229166666666667
2 0.246484375 0.41510416666666666 0.021875 0.05416666666666667
2 0.221484375 0.46458333333333335 0.025 0.04895833333333333
2 0.20546875 0.5041666666666667 0.01796875 0.041666666666666664
2 0.19375 0.5401041666666667 0.015625 0.035416666666666666
2 0.71015625 0.7213541666666666 0.0171875 0.04791666666666667
2 0.365625 0.1765625 0.0234375 0.041666666666666664
2 0.3875 0.13958333333333334 0.025 0.0375
2 0.366015625 0.10989583333333333 0.01796875 0.029166666666666667
2 0.3515625 0.09114583333333333 0.01796875 0.019791666666666666
2 0.370703125 0.04739583333333333 0.0171875 0.016666666666666666
2 0.400390625 0.06927083333333334 0.0234375 0.023958333333333335
2 0.656640625 0.1375 0.03984375 0.03125
2 0.71328125 0.14375 0.0296875 0.029166666666666667
3 0.805078125 0.4015625 0.01484375 0.016666666666666666