2 0.428125 0.49322916666666666 0.075 0.121875
2 0.696875 0.6161458333333333 0.06015625 0.08645833333333333
2 0.560546875 0.9557291666666666 0.02734375 0.030208333333333334
2 0.7859375 0.5890625 0.028125 0.053125
2 0.803515625 0.5572916666666666 0.02265625 0.04583333333333333
2 0.316796875 0.8161458333333333 0.04375 0.0375
2 0.2765625 0.7697916666666667 0.04765625 0.042708333333333334
2 0.233203125 0.7583333333333333 0.034375 0.03333333333333333
2 0.212109375 0.7645833333333333 0.02890625 0.03125
1 0.41171875 0.12760416666666666 0.053125 0.08333333333333333
3 0.2703125 0.5489583333333333 0.02109375 0.025
3 0.343359375 0.8635416666666667 0.01640625 0.026041666666666668
2 0.761328125 0.6229166666666667 0.03515625 0.06041666666666667