2 0.646484375 0.16666666666666666 0.03125 0.041666666666666664
2 0.67109375 0.13802083333333334 0.025 0.03333333333333333
2 0.689453125 0.12083333333333333 0.01953125 0.026041666666666668
2 0.409765625 0.11770833333333333 0.0453125 0.04479166666666667
2 0.26328125 0.7046875 0.02421875 0.042708333333333334
2 0.70703125 0.46510416666666665 0.0546875 0.06979166666666667
2 0.76328125 0.4625 0.02578125 0.057291666666666664
2 0.7796875 0.5140625 0.02578125 0.051041666666666666
2 0.790625 0.559375 0.02578125 0.04895833333333333
2 0.79921875 0.5973958333333333 0.02109375 0.03854166666666667
3 0.232421875 0.32916666666666666 0.01796875 0.01875
3 0.295703125 0.3489583333333333 0.0234375 0.019791666666666666
1 0.53984375 0.09791666666666667 0.14453125 0.115625
1 0.625 0.06770833333333333 0.04765625 0.05
1 0.66484375 0.05520833333333333 0.03828125 0.03333333333333333
1 0.30390625 0.5260416666666666 0.10390625 0.240625
2 0.571875 0.18333333333333332 0.0359375 0.0625
2 0.66484375 0.20885416666666667 0.03203125 0.04583333333333333