2 0.671875 0.16458333333333333 0.03671875 0.027083333333333334
2 0.710546875 0.7890625 0.0203125 0.027083333333333334
2 0.711328125 0.7484375 0.01875 0.0375
2 0.70859375 0.6963541666666667 0.02421875 0.058333333333333334
2 0.19453125 0.5390625 0.02109375 0.04479166666666667
2 0.20703125 0.5057291666666667 0.02109375 0.04791666666666667
2 0.223046875 0.4640625 0.021875 0.04583333333333333
2 0.701171875 0.6036458333333333 0.03671875 0.084375
2 0.6328125 0.5046875 0.0578125 0.09375
2 0.676953125 0.5020833333333333 0.0515625 0.09895833333333333
3 0.3234375 0.3255208333333333 0.02421875 0.023958333333333335
3 0.558984375 0.10729166666666666 0.0140625 0.03333333333333333
2 0.38828125 0.13229166666666667 0.0265625 0.0375