3 0.582421875 0.10833333333333334 0.01015625 0.023958333333333335
3 0.553515625 0.096875 0.009375 0.029166666666666667
3 0.714453125 0.3885416666666667 0.01484375 0.027083333333333334
1 0.662109375 0.853125 0.0296875 0.04895833333333333
3 0.3390625 0.2265625 0.009375 0.01875
2 0.244921875 0.4119791666666667 0.0234375 0.05
2 0.315625 0.4109375 0.0515625 0.06875
3 0.350390625 0.23489583333333333 0.0140625 0.019791666666666666
2 0.678515625 0.13802083333333334 0.03359375 0.023958333333333335
2 0.6625 0.16302083333333334 0.0390625 0.027083333333333334
2 0.635546875 0.13854166666666667 0.04375 0.025
2 0.70703125 0.16197916666666667 0.03125 0.020833333333333332
2 0.716796875 0.14375 0.03046875 0.020833333333333332
2 0.739453125 0.1671875 0.0296875 0.027083333333333334
2 0.646484375 0.6932291666666667 0.034375 0.06145833333333333
2 0.391796875 0.06458333333333334 0.02109375 0.022916666666666665
2 0.41875 0.08697916666666666 0.021875 0.025
3 0.601953125 0.109375 0.0078125 0.019791666666666666
2 0.397265625 0.1609375 0.03125 0.041666666666666664
2 0.499609375 0.16458333333333333 0.0453125 0.04583333333333333
2 0.19453125 0.5411458333333333 0.02109375 0.035416666666666666
2 0.20625 0.5057291666666667 0.01796875 0.041666666666666664
2 0.219921875 0.46979166666666666 0.0203125 0.04583333333333333
3 0.596484375 0.10729166666666666 0.00546875 0.021875
3 0.591015625 0.10260416666666666 0.00703125 0.023958333333333335
3 0.587109375 0.1125 0.0078125 0.019791666666666666
3 0.5609375 0.096875 0.0078125 0.026041666666666668