2 0.71796875 0.14427083333333332 0.0328125 0.022916666666666665
2 0.70859375 0.1640625 0.03046875 0.022916666666666665
2 0.675390625 0.13385416666666666 0.0296875 0.015625
2 0.6640625 0.16510416666666666 0.03359375 0.025
2 0.63671875 0.13802083333333334 0.03359375 0.027083333333333334
2 0.39296875 0.0625 0.0171875 0.023958333333333335
2 0.4328125 0.09947916666666666 0.02734375 0.022916666666666665
2 0.47734375 0.140625 0.040625 0.03229166666666667
2 0.73203125 0.7463541666666667 0.0171875 0.04479166666666667
2 0.651171875 0.42864583333333334 0.0546875 0.109375
2 0.244140625 0.4140625 0.02421875 0.05416666666666667
2 0.219921875 0.459375 0.02421875 0.04479166666666667
2 0.20625 0.5057291666666667 0.01796875 0.03958333333333333
2 0.194921875 0.5411458333333333 0.01328125 0.0375
3 0.62265625 0.09583333333333334 0.01015625 0.026041666666666668
3 0.6296875 0.10260416666666666 0.0078125 0.021875
3 0.615234375 0.1140625 0.00703125 0.026041666666666668
3 0.608203125 0.10625 0.009375 0.026041666666666668
3 0.551171875 0.09166666666666666 0.01171875 0.023958333333333335
3 0.562109375 0.09635416666666667 0.0078125 0.027083333333333334
3 0.716796875 0.3953125 0.02421875 0.016666666666666666
3 0.337890625 0.22552083333333334 0.01171875 0.022916666666666665
3 0.350390625 0.23645833333333333 0.01640625 0.029166666666666667
1 0.658984375 0.8432291666666667 0.034375 0.05
1 0.380859375 0.028125 0.0375 0.026041666666666668
1 0.3578125 0.04375 0.02890625 0.026041666666666668
1 0.357421875 0.09427083333333333 0.03671875 0.04791666666666667
2 0.7390625 0.17135416666666667 0.0328125 0.027083333333333334