2 0.199609375 0.5916666666666667 0.01875 0.04375
2 0.20546875 0.5526041666666667 0.01640625 0.046875
2 0.220703125 0.5072916666666667 0.025 0.05625
2 0.23828125 0.45625 0.02265625 0.05625
2 0.28046875 0.48854166666666665 0.05078125 0.06770833333333333
2 0.4953125 0.346875 0.0703125 0.11875
1 0.634765625 0.10520833333333333 0.1265625 0.06875
3 0.70546875 0.35572916666666665 0.0265625 0.019791666666666666
1 0.338671875 0.052083333333333336 0.04296875 0.03958333333333333
1 0.384765625 0.06614583333333333 0.053125 0.05
2 0.670703125 0.7 0.03203125 0.058333333333333334
2 0.67265625 0.13385416666666666 0.03203125 0.03333333333333333
2 0.63828125 0.1390625 0.040625 0.03958333333333333
2 0.33125 0.13385416666666666 0.02421875 0.028125