2 0.730078125 0.74375 0.02109375 0.036458333333333336
2 0.70546875 0.6682291666666667 0.0265625 0.06145833333333333
2 0.703125 0.15885416666666666 0.028125 0.027083333333333334
2 0.67109375 0.1609375 0.03125 0.028125
2 0.193359375 0.5411458333333333 0.02109375 0.040625
2 0.730078125 0.6036458333333333 0.0296875 0.07291666666666667
2 0.6390625 0.4005208333333333 0.05546875 0.10104166666666667
2 0.29375 0.37135416666666665 0.0453125 0.05
3 0.7609375 0.36875 0.0203125 0.015625
2 0.20546875 0.5020833333333333 0.0203125 0.0375
2 0.223046875 0.46197916666666666 0.02421875 0.05
1 0.44375 0.0625 0.07890625 0.06458333333333334
2 0.434375 0.10104166666666667 0.0328125 0.028125