2 0.28203125 0.30104166666666665 0.0234375 0.04479166666666667
2 0.44375 0.8854166666666666 0.05625 0.051041666666666666
2 0.38984375 0.8604166666666667 0.0546875 0.04791666666666667
3 0.3046875 0.6677083333333333 0.0203125 0.027083333333333334
2 0.4640625 0.6755208333333333 0.0484375 0.128125
2 0.574609375 0.8828125 0.04609375 0.036458333333333336
2 0.654296875 0.9026041666666667 0.02578125 0.026041666666666668
2 0.658984375 0.8328125 0.03671875 0.05
2 0.6734375 0.5776041666666667 0.071875 0.0875
2 0.7796875 0.471875 0.03125 0.057291666666666664
2 0.7890625 0.4270833333333333 0.02578125 0.04479166666666667
3 0.508984375 0.9046875 0.01328125 0.029166666666666667
2 0.796875 0.3875 0.02265625 0.042708333333333334
3 0.254296875 0.68125 0.02421875 0.01875
2 0.326171875 0.5348958333333333 0.05 0.09375
2 0.29140625 0.4421875 0.0421875 0.08229166666666667