2 0.3671875 0.8473958333333333 0.03046875 0.042708333333333334
2 0.20703125 0.4609375 0.02109375 0.051041666666666666
2 0.346875 0.8052083333333333 0.0296875 0.03958333333333333
2 0.340234375 0.8708333333333333 0.028125 0.03125
2 0.326953125 0.8911458333333333 0.01875 0.022916666666666665
3 0.731640625 0.6390625 0.01796875 0.014583333333333334
3 0.708984375 0.6333333333333333 0.02734375 0.01875
2 0.19921875 0.42135416666666664 0.01484375 0.034375
1 0.69375 0.46041666666666664 0.1046875 0.234375
1 0.476953125 0.9078125 0.1421875 0.103125
1 0.393359375 0.940625 0.0515625 0.05
2 0.66875 0.88125 0.03203125 0.023958333333333335
2 0.7328125 0.8578125 0.02890625 0.028125
2 0.240625 0.5557291666666667 0.0296875 0.053125
1 0.3515625 0.9546875 0.0390625 0.03333333333333333
2 0.223828125 0.5026041666666666 0.0265625 0.05520833333333333
2 0.725390625 0.3046875 0.03125 0.057291666666666664
2 0.440625 0.8317708333333333 0.03359375 0.05416666666666667
2 0.391015625 0.9041666666666667 0.0328125 0.03229166666666667