2 0.663671875 0.09010416666666667 0.02109375 0.017708333333333333
2 0.305859375 0.1546875 0.02890625 0.023958333333333335
2 0.476171875 0.20260416666666667 0.05625 0.065625
2 0.5921875 0.08802083333333334 0.02734375 0.026041666666666668
1 0.62734375 0.036458333333333336 0.0421875 0.03229166666666667
2 0.805078125 0.5546875 0.02109375 0.04583333333333333
2 0.338671875 0.15520833333333334 0.03828125 0.03125
2 0.7953125 0.5197916666666667 0.021875 0.05
1 0.1890625 0.23333333333333334 0.0484375 0.07291666666666667
3 0.271875 0.3692708333333333 0.02109375 0.020833333333333332
2 0.735546875 0.39739583333333334 0.03515625 0.03854166666666667
2 0.777734375 0.478125 0.01953125 0.051041666666666666
2 0.3328125 0.284375 0.0328125 0.08125
2 0.28984375 0.5083333333333333 0.04296875 0.08333333333333333