2 0.38984375 0.0609375 0.02109375 0.020833333333333332
3 0.718359375 0.37916666666666665 0.0203125 0.01875
3 0.550390625 0.103125 0.0125 0.029166666666666667
2 0.629296875 0.5046875 0.0546875 0.10208333333333333
2 0.676953125 0.5026041666666666 0.04765625 0.09479166666666666
2 0.7015625 0.6057291666666667 0.03359375 0.08229166666666667
2 0.71015625 0.7005208333333334 0.025 0.058333333333333334
2 0.71171875 0.796875 0.015625 0.03125
2 0.188671875 0.6442708333333333 0.0203125 0.022916666666666665
2 0.185546875 0.6130208333333333 0.015625 0.029166666666666667
2 0.19375 0.540625 0.0203125 0.041666666666666664
2 0.20390625 0.5020833333333333 0.01875 0.04895833333333333
2 0.22421875 0.5083333333333333 0.0203125 0.04791666666666667
2 0.221484375 0.4630208333333333 0.01875 0.04895833333333333
2 0.3859375 0.13541666666666666 0.03046875 0.0375
3 0.707421875 0.3223958333333333 0.021875 0.021875