2 0.194921875 0.5427083333333333 0.0203125 0.0375
1 0.6640625 0.3671875 0.16171875 0.34270833333333334
2 0.66640625 0.16197916666666667 0.03671875 0.03229166666666667
2 0.7015625 0.1640625 0.02734375 0.028125
2 0.672265625 0.5005208333333333 0.0484375 0.09895833333333333
2 0.726953125 0.7901041666666667 0.01484375 0.03333333333333333
2 0.662890625 0.7526041666666666 0.03125 0.04375
2 0.71171875 0.7786458333333334 0.0203125 0.03333333333333333
2 0.710546875 0.7197916666666667 0.02421875 0.03333333333333333
2 0.223046875 0.46145833333333336 0.015625 0.05416666666666667
2 0.205859375 0.5057291666666667 0.0234375 0.04791666666666667
2 0.39375 0.06510416666666667 0.025 0.023958333333333335
3 0.7828125 0.3697916666666667 0.01796875 0.0125
2 0.50859375 0.16666666666666666 0.04609375 0.04791666666666667
2 0.46640625 0.28177083333333336 0.07109375 0.06458333333333334