2 0.67578125 0.5203125 0.0484375 0.09479166666666666
2 0.6953125 0.6223958333333334 0.03671875 0.07708333333333334
2 0.33515625 0.3802083333333333 0.0546875 0.07291666666666667
3 0.563671875 0.103125 0.01171875 0.023958333333333335
3 0.7203125 0.39895833333333336 0.0203125 0.01875
2 0.600390625 0.22291666666666668 0.05703125 0.06979166666666667
2 0.687109375 0.8104166666666667 0.0203125 0.034375
2 0.691015625 0.14895833333333333 0.0375 0.030208333333333334
2 0.71171875 0.18489583333333334 0.04609375 0.025
2 0.594921875 0.13802083333333334 0.05 0.035416666666666666
3 0.787109375 0.415625 0.01796875 0.017708333333333333
1 0.6453125 0.8729166666666667 0.03671875 0.051041666666666666
2 0.47734375 0.09427083333333333 0.04375 0.028125
2 0.405078125 0.12552083333333333 0.0296875 0.042708333333333334
2 0.191796875 0.5125 0.0171875 0.041666666666666664
2 0.2078125 0.47760416666666666 0.02265625 0.051041666666666666
2 0.225390625 0.4359375 0.0234375 0.051041666666666666