2 0.296484375 0.7067708333333333 0.025 0.057291666666666664
2 0.301171875 0.6125 0.03984375 0.084375
2 0.29609375 0.7578125 0.01875 0.040625
2 0.297265625 0.7973958333333333 0.02109375 0.036458333333333336
2 0.190234375 0.2552083333333333 0.01875 0.026041666666666668
2 0.79296875 0.490625 0.01953125 0.04583333333333333
3 0.28515625 0.35260416666666666 0.02265625 0.028125
3 0.31640625 0.3697916666666667 0.02265625 0.020833333333333332
3 0.559375 0.49114583333333334 0.01796875 0.022916666666666665
3 0.61640625 0.2765625 0.02578125 0.030208333333333334
3 0.496484375 0.23385416666666667 0.0203125 0.040625
0 0.45546875 0.34322916666666664 0.03203125 0.03125
0 0.509765625 0.359375 0.0375 0.025
2 0.776171875 0.4505208333333333 0.0265625 0.05416666666666667
2 0.807421875 0.5270833333333333 0.01953125 0.041666666666666664
2 0.603515625 0.12708333333333333 0.02578125 0.03854166666666667
2 0.371875 0.5104166666666666 0.0578125 0.10729166666666666
2 0.323828125 0.5119791666666667 0.03984375 0.09270833333333334