2 0.20625 0.5072916666666667 0.01796875 0.04479166666666667
1 0.380859375 0.0296875 0.0375 0.026041666666666668
1 0.419921875 0.04583333333333333 0.04453125 0.036458333333333336
1 0.508203125 0.09583333333333334 0.15234375 0.0875
1 0.6921875 0.5609375 0.08515625 0.21979166666666666
2 0.273828125 0.46875 0.0390625 0.06354166666666666
2 0.666015625 0.13333333333333333 0.0421875 0.028125
2 0.193359375 0.5380208333333333 0.01484375 0.03958333333333333
2 0.3515625 0.08958333333333333 0.015625 0.022916666666666665
2 0.36875 0.18333333333333332 0.025 0.041666666666666664
2 0.38671875 0.1421875 0.02734375 0.040625
2 0.367578125 0.1109375 0.02109375 0.028125
2 0.205859375 0.559375 0.01484375 0.035416666666666666
3 0.719140625 0.3875 0.01953125 0.016666666666666666
2 0.222265625 0.4635416666666667 0.021875 0.053125
2 0.2453125 0.4125 0.0265625 0.05416666666666667
2 0.250390625 0.4484375 0.02421875 0.05625
3 0.802734375 0.39010416666666664 0.01484375 0.0125
2 0.379296875 0.33177083333333335 0.07109375 0.07604166666666666