2 0.20703125 0.4739583333333333 0.01484375 0.042708333333333334
2 0.21875 0.5161458333333333 0.0171875 0.046875
2 0.243359375 0.5682291666666667 0.02265625 0.05520833333333333
3 0.330078125 0.7614583333333333 0.01796875 0.030208333333333334
3 0.63203125 0.9104166666666667 0.0109375 0.028125
3 0.239453125 0.6026041666666667 0.01875 0.016666666666666666
3 0.71875 0.6333333333333333 0.02265625 0.019791666666666666
1 0.36796875 0.9619791666666667 0.040625 0.03229166666666667
1 0.68828125 0.47552083333333334 0.1015625 0.2375
2 0.359765625 0.8 0.02890625 0.05
2 0.3390625 0.8953125 0.01875 0.023958333333333335
2 0.358984375 0.8682291666666667 0.02890625 0.034375
2 0.41015625 0.803125 0.04453125 0.057291666666666664
2 0.62109375 0.8703125 0.034375 0.027083333333333334
2 0.65078125 0.8458333333333333 0.03515625 0.03333333333333333
2 0.6640625 0.8765625 0.03046875 0.022916666666666665
2 0.694921875 0.8494791666666667 0.03203125 0.029166666666666667
2 0.703515625 0.8703125 0.02734375 0.027083333333333334
2 0.7234375 0.8458333333333333 0.02734375 0.019791666666666666
2 0.723046875 0.22083333333333333 0.0140625 0.026041666666666668
2 0.721484375 0.25104166666666666 0.01796875 0.028125
2 0.71796875 0.30572916666666666 0.02578125 0.058333333333333334
2 0.198046875 0.4359375 0.01328125 0.04479166666666667