2 0.365625 0.1765625 0.02734375 0.03958333333333333
3 0.61796875 0.4046875 0.0171875 0.022916666666666665
2 0.3890625 0.14010416666666667 0.0328125 0.03958333333333333
3 0.770703125 0.37447916666666664 0.01953125 0.01875
2 0.366796875 0.11041666666666666 0.02109375 0.025
2 0.3515625 0.09166666666666666 0.015625 0.027083333333333334
2 0.244921875 0.4140625 0.02734375 0.05416666666666667
3 0.607421875 0.44583333333333336 0.02265625 0.019791666666666666
2 0.7375 0.15989583333333332 0.025 0.028125
3 0.516796875 0.1515625 0.0140625 0.023958333333333335
2 0.222265625 0.4635416666666667 0.021875 0.04791666666666667
2 0.20546875 0.50625 0.01796875 0.04375
2 0.193359375 0.5427083333333333 0.01875 0.0375
2 0.71171875 0.7208333333333333 0.021875 0.052083333333333336
1 0.383203125 0.0296875 0.0375 0.026041666666666668
1 0.420703125 0.049479166666666664 0.046875 0.04479166666666667
1 0.50390625 0.09322916666666667 0.1328125 0.08541666666666667
1 0.68984375 0.5598958333333334 0.0828125 0.21666666666666667
2 0.38125 0.058333333333333334 0.0234375 0.020833333333333332
2 0.64921875 0.13541666666666666 0.0375 0.023958333333333335
2 0.678125 0.1640625 0.03671875 0.03125
2 0.6953125 0.13645833333333332 0.025 0.023958333333333335