2 0.703125 0.16458333333333333 0.0265625 0.027083333333333334
2 0.67421875 0.2421875 0.0234375 0.04479166666666667
2 0.54765625 0.42916666666666664 0.0640625 0.11354166666666667
2 0.19375 0.5427083333333333 0.015625 0.0375
2 0.20546875 0.5072916666666667 0.01796875 0.04791666666666667
2 0.222265625 0.46458333333333335 0.02421875 0.04895833333333333
2 0.248046875 0.41041666666666665 0.02734375 0.05625
1 0.383203125 0.026041666666666668 0.0375 0.030208333333333334
1 0.7484375 0.16197916666666667 0.0890625 0.08854166666666667
1 0.728125 0.7927083333333333 0.02421875 0.059375
2 0.747265625 0.234375 0.0265625 0.029166666666666667
3 0.723046875 0.38229166666666664 0.0203125 0.01875
2 0.383984375 0.058854166666666666 0.0203125 0.019791666666666666
2 0.66875 0.16041666666666668 0.0390625 0.027083333333333334