2 0.710546875 0.7760416666666666 0.015625 0.028125
2 0.666015625 0.7817708333333333 0.02109375 0.03125
2 0.597265625 0.5328125 0.05390625 0.10520833333333333
3 0.671875 0.1125 0.00546875 0.016666666666666666
3 0.677734375 0.1171875 0.00546875 0.013541666666666667
1 0.411328125 0.071875 0.05703125 0.052083333333333336
1 0.382421875 0.0296875 0.04375 0.026041666666666668
3 0.333203125 0.253125 0.0203125 0.026041666666666668
3 0.341796875 0.23072916666666668 0.01484375 0.023958333333333335
3 0.71484375 0.3958333333333333 0.0203125 0.01875
3 0.57578125 0.096875 0.0078125 0.019791666666666666
2 0.707421875 0.690625 0.0203125 0.053125
2 0.680859375 0.5223958333333333 0.03984375 0.08125
2 0.199609375 0.5755208333333334 0.01484375 0.025
2 0.193359375 0.5411458333333333 0.01484375 0.0375
2 0.2046875 0.5020833333333333 0.01875 0.040625
2 0.223046875 0.4588541666666667 0.01796875 0.04375
2 0.245703125 0.41458333333333336 0.025 0.05625
2 0.3703125 0.115625 0.0265625 0.03229166666666667
2 0.51796875 0.184375 0.05078125 0.052083333333333336
2 0.6625 0.16875 0.034375 0.03229166666666667
2 0.70625 0.16614583333333333 0.03046875 0.027083333333333334
2 0.73828125 0.1703125 0.0296875 0.023958333333333335
2 0.678125 0.1375 0.0328125 0.025
2 0.715234375 0.14270833333333333 0.0296875 0.022916666666666665
2 0.6359375 0.14010416666666667 0.034375 0.022916666666666665
3 0.665234375 0.10625 0.0078125 0.016666666666666666
3 0.659375 0.09947916666666666 0.0078125 0.01875
2 0.440625 0.2234375 0.0515625 0.071875
1 0.5109375 0.5067708333333333 0.16484375 0.31354166666666666