2 0.698828125 0.8057291666666667 0.0359375 0.029166666666666667
2 0.600390625 0.8604166666666667 0.05625 0.03229166666666667
2 0.7015625 0.8375 0.0359375 0.028125
3 0.6140625 0.8828125 0.00703125 0.020833333333333332
3 0.605078125 0.8791666666666667 0.009375 0.022916666666666665
3 0.596875 0.8828125 0.01015625 0.028125
3 0.62578125 0.8786458333333333 0.009375 0.019791666666666666
3 0.61875 0.8828125 0.00859375 0.019791666666666666
4 0.78515625 0.8088541666666667 0.03515625 0.05625
2 0.478125 0.9125 0.034375 0.029166666666666667
2 0.419140625 0.9572916666666667 0.02265625 0.019791666666666666
2 0.39140625 0.9161458333333333 0.03203125 0.0375
2 0.416015625 0.878125 0.0296875 0.035416666666666666
2 0.5890625 0.43020833333333336 0.0515625 0.11875
2 0.25390625 0.621875 0.0296875 0.06145833333333333
2 0.226953125 0.5739583333333333 0.025 0.052083333333333336
2 0.205859375 0.5369791666666667 0.01875 0.05
2 0.192578125 0.5041666666666667 0.01640625 0.03958333333333333
3 0.36953125 0.7817708333333333 0.01796875 0.021875
3 0.363671875 0.7973958333333333 0.01484375 0.017708333333333333
3 0.71953125 0.5776041666666667 0.0234375 0.019791666666666666
3 0.579296875 0.8979166666666667 0.0109375 0.025
3 0.589453125 0.8953125 0.01171875 0.030208333333333334
2 0.745703125 0.8213541666666667 0.02578125 0.027083333333333334