2 0.223046875 0.4630208333333333 0.021875 0.052083333333333336
2 0.711328125 0.1625 0.0375 0.03333333333333333
3 0.568359375 0.09583333333333334 0.01171875 0.026041666666666668
3 0.714453125 0.3802083333333333 0.021875 0.019791666666666666
1 0.653515625 0.8328125 0.0421875 0.075
2 0.661328125 0.75 0.02421875 0.04375
2 0.1921875 0.5385416666666667 0.01484375 0.035416666666666666
2 0.20546875 0.5046875 0.0203125 0.04375
2 0.401171875 0.109375 0.0296875 0.022916666666666665
2 0.341015625 0.07760416666666667 0.01796875 0.027083333333333334
2 0.619921875 0.13645833333333332 0.04609375 0.027083333333333334
2 0.6671875 0.1671875 0.04375 0.0375
2 0.6953125 0.13645833333333332 0.03359375 0.023958333333333335
2 0.28515625 0.4515625 0.0453125 0.071875