2 0.187890625 0.6458333333333334 0.0171875 0.025
2 0.70078125 0.6052083333333333 0.0359375 0.07291666666666667
2 0.709765625 0.7010416666666667 0.02421875 0.06041666666666667
2 0.66796875 0.8473958333333333 0.0125 0.025
2 0.384375 0.134375 0.025 0.03958333333333333
2 0.365234375 0.04479166666666667 0.01796875 0.016666666666666666
2 0.414453125 0.08072916666666667 0.02421875 0.017708333333333333
2 0.19296875 0.5854166666666667 0.0203125 0.036458333333333336
2 0.337109375 0.33541666666666664 0.04609375 0.065625
3 0.712890625 0.3151041666666667 0.01640625 0.023958333333333335
3 0.718359375 0.3828125 0.02265625 0.013541666666666667
3 0.54140625 0.1015625 0.0125 0.029166666666666667
2 0.222265625 0.46197916666666666 0.0203125 0.05
2 0.204296875 0.5057291666666667 0.01796875 0.04791666666666667
2 0.19609375 0.5427083333333333 0.01328125 0.035416666666666666
2 0.6296875 0.5057291666666667 0.04921875 0.09479166666666666
2 0.676953125 0.5036458333333333 0.04296875 0.08229166666666667