1 0.334375 0.1125 0.04375 0.065625
2 0.22109375 0.46510416666666665 0.02421875 0.051041666666666666
2 0.20625 0.5041666666666667 0.0203125 0.04791666666666667
2 0.194921875 0.5390625 0.015625 0.036458333333333336
2 0.384375 0.13489583333333333 0.02734375 0.0375
2 0.377734375 0.05625 0.015625 0.019791666666666666
2 0.366796875 0.10833333333333334 0.02109375 0.029166666666666667
2 0.353125 0.09166666666666666 0.01875 0.01875
3 0.729296875 0.39427083333333335 0.01953125 0.015625
3 0.4875 0.078125 0.0078125 0.021875
3 0.587109375 0.1078125 0.0125 0.03229166666666667
3 0.576171875 0.096875 0.009375 0.022916666666666665
3 0.568359375 0.103125 0.009375 0.026041666666666668
3 0.56015625 0.08958333333333333 0.01171875 0.026041666666666668
3 0.709375 0.32395833333333335 0.01953125 0.023958333333333335
3 0.712890625 0.3984375 0.02265625 0.013541666666666667
1 0.367578125 0.0359375 0.04140625 0.029166666666666667