3 0.607421875 0.09583333333333334 0.0140625 0.022916666666666665
3 0.716015625 0.3875 0.02734375 0.016666666666666666
1 0.6515625 0.8333333333333334 0.0375 0.07291666666666667
2 0.40703125 0.175 0.040625 0.04791666666666667
2 0.369140625 0.0484375 0.01796875 0.015625
2 0.621875 0.1375 0.05078125 0.03333333333333333
2 0.667578125 0.1671875 0.0390625 0.03229166666666667
2 0.728125 0.16510416666666666 0.03984375 0.03333333333333333
2 0.285546875 0.4510416666666667 0.0484375 0.06458333333333334
2 0.219921875 0.46510416666666665 0.015625 0.05
2 0.20625 0.5083333333333333 0.015625 0.04791666666666667
2 0.19375 0.5401041666666667 0.015625 0.035416666666666666