3 0.367578125 0.19895833333333332 0.01640625 0.021875
2 0.19375 0.5411458333333333 0.015625 0.040625
2 0.688671875 0.546875 0.034375 0.08854166666666667
2 0.223046875 0.4640625 0.02421875 0.052083333333333336
2 0.20703125 0.5026041666666666 0.01875 0.04479166666666667
2 0.387109375 0.13489583333333333 0.02421875 0.0375
2 0.366796875 0.11041666666666666 0.02109375 0.025
2 0.3546875 0.09322916666666667 0.01796875 0.020833333333333332
2 0.34609375 0.07916666666666666 0.015625 0.015625
2 0.378125 0.058333333333333334 0.02109375 0.015625
1 0.36796875 0.0375 0.03984375 0.029166666666666667
1 0.34296875 0.13385416666666666 0.0515625 0.0875
0 0.300390625 0.4005208333333333 0.03125 0.027083333333333334
3 0.295703125 0.2875 0.01953125 0.023958333333333335
3 0.51328125 0.5979166666666667 0.0140625 0.023958333333333335
3 0.75234375 0.3729166666666667 0.01484375 0.0125
3 0.755078125 0.38385416666666666 0.01640625 0.0125
3 0.358203125 0.2234375 0.009375 0.01875
3 0.356640625 0.2046875 0.01015625 0.01875
3 0.373828125 0.21041666666666667 0.01953125 0.019791666666666666
3 0.825 0.40208333333333335 0.01171875 0.008333333333333333