1 0.65625 0.9510416666666667 0.0421875 0.028125
3 0.6921875 0.7447916666666666 0.01328125 0.023958333333333335
2 0.6671875 0.8932291666666666 0.02421875 0.021875
2 0.675390625 0.90625 0.01484375 0.020833333333333332
3 0.217578125 0.625 0.0171875 0.011458333333333333
3 0.682421875 0.7359375 0.0140625 0.025
3 0.687890625 0.7166666666666667 0.01953125 0.026041666666666668
3 0.698046875 0.7057291666666666 0.01796875 0.022916666666666665
2 0.778125 0.5119791666666667 0.03125 0.058333333333333334
2 0.278515625 0.2765625 0.0203125 0.041666666666666664
2 0.31171875 0.46979166666666666 0.04375 0.09270833333333334
3 0.219140625 0.6333333333333333 0.0171875 0.010416666666666666
3 0.200390625 0.6390625 0.01328125 0.011458333333333333
2 0.7953125 0.46875 0.0234375 0.051041666666666666
2 0.80390625 0.4322916666666667 0.0171875 0.040625
1 0.67421875 0.8505208333333333 0.0546875 0.08645833333333333
3 0.75625 0.6286458333333333 0.015625 0.020833333333333332
2 0.634375 0.8526041666666667 0.03125 0.03958333333333333
2 0.643359375 0.9291666666666667 0.01875 0.025
2 0.653515625 0.8770833333333333 0.02265625 0.027083333333333334