2 0.45234375 0.09791666666666667 0.03671875 0.019791666666666666
2 0.382421875 0.12864583333333332 0.02734375 0.036458333333333336
2 0.34765625 0.08385416666666666 0.01875 0.022916666666666665
2 0.6625 0.16458333333333333 0.03671875 0.029166666666666667
2 0.7453125 0.175 0.02421875 0.022916666666666665
2 0.725 0.1484375 0.03359375 0.025
2 0.67578125 0.13645833333333332 0.03671875 0.023958333333333335
2 0.587109375 0.134375 0.05078125 0.03125
3 0.595703125 0.10729166666666666 0.009375 0.01875
3 0.58828125 0.10416666666666667 0.0078125 0.01875
3 0.58046875 0.10416666666666667 0.01015625 0.021875
3 0.57265625 0.1078125 0.00703125 0.016666666666666666
3 0.565234375 0.10416666666666667 0.01015625 0.021875
3 0.556640625 0.09583333333333334 0.00703125 0.022916666666666665
3 0.54765625 0.09270833333333334 0.00703125 0.019791666666666666
3 0.71328125 0.39427083333333335 0.021875 0.015625
3 0.3390625 0.22239583333333332 0.01171875 0.022916666666666665
3 0.350390625 0.23333333333333334 0.0140625 0.026041666666666668
2 0.584765625 0.3578125 0.03046875 0.09895833333333333
2 0.19296875 0.5390625 0.015625 0.03333333333333333
2 0.2046875 0.5046875 0.01875 0.04375
2 0.221484375 0.46770833333333334 0.0171875 0.05625
2 0.209765625 0.5463541666666667 0.01796875 0.03333333333333333
2 0.246484375 0.41458333333333336 0.02421875 0.053125
2 0.671875 0.80625 0.021875 0.03229166666666667