2 0.60703125 0.12552083333333333 0.05078125 0.05
3 0.47421875 0.0984375 0.01640625 0.030208333333333334
3 0.687109375 0.31666666666666665 0.0265625 0.026041666666666668
2 0.324609375 0.178125 0.0375 0.052083333333333336
2 0.55625 0.1046875 0.059375 0.04895833333333333
2 0.60546875 0.09010416666666667 0.0296875 0.03125
2 0.6484375 0.10833333333333334 0.0375 0.041666666666666664
2 0.74609375 0.1421875 0.03359375 0.042708333333333334
2 0.740625 0.18177083333333333 0.01953125 0.029166666666666667
1 0.702734375 0.7760416666666666 0.0515625 0.07916666666666666
2 0.75 0.6875 0.03125 0.05416666666666667
2 0.284375 0.5135416666666667 0.05078125 0.075
2 0.222265625 0.5458333333333333 0.0328125 0.05520833333333333
2 0.214453125 0.5958333333333333 0.03046875 0.059375
2 0.2109375 0.6322916666666667 0.0234375 0.040625
2 0.71640625 0.5651041666666666 0.0421875 0.08333333333333333