2 0.212890625 0.42083333333333334 0.02734375 0.053125
2 0.206640625 0.3802083333333333 0.025 0.041666666666666664
2 0.74140625 0.31197916666666664 0.021875 0.036458333333333336
2 0.748828125 0.27239583333333334 0.01953125 0.03125
2 0.337109375 0.8302083333333333 0.0390625 0.052083333333333336
2 0.623046875 0.8734375 0.03671875 0.035416666666666666
2 0.221875 0.4666666666666667 0.028125 0.052083333333333336
2 0.737109375 0.3567708333333333 0.04375 0.065625
2 0.702734375 0.8875 0.02734375 0.034375
2 0.711328125 0.446875 0.0453125 0.08958333333333333
2 0.67265625 0.540625 0.0515625 0.09791666666666667
2 0.6265625 0.5286458333333334 0.0671875 0.12395833333333334