1 0.383203125 0.0296875 0.0359375 0.029166666666666667
2 0.378515625 0.1265625 0.0328125 0.0375
2 0.29609375 0.4375 0.03984375 0.06354166666666666
2 0.23515625 0.5380208333333333 0.0296875 0.041666666666666664
2 0.65859375 0.7494791666666667 0.0296875 0.036458333333333336
2 0.245703125 0.4140625 0.0234375 0.057291666666666664
2 0.225 0.4630208333333333 0.025 0.05416666666666667
2 0.2046875 0.5046875 0.025 0.0375
2 0.193359375 0.5385416666666667 0.01875 0.0375
3 0.718359375 0.38697916666666665 0.0203125 0.015625
1 0.7125 0.7421875 0.0390625 0.09791666666666667
1 0.66640625 0.13177083333333334 0.11796875 0.04583333333333333
2 0.66953125 0.16302083333333334 0.034375 0.027083333333333334
1 0.421875 0.0484375 0.046875 0.041666666666666664
2 0.79140625 0.20885416666666667 0.0265625 0.036458333333333336
2 0.7015625 0.16302083333333334 0.03125 0.035416666666666666
2 0.338671875 0.07239583333333334 0.015625 0.017708333333333333