1 0.341796875 0.12552083333333333 0.046875 0.07291666666666667
3 0.708203125 0.31979166666666664 0.0234375 0.026041666666666668
2 0.378125 0.058333333333333334 0.01875 0.01875
1 0.366796875 0.03697916666666667 0.0421875 0.030208333333333334
2 0.35234375 0.09114583333333333 0.01796875 0.019791666666666666
2 0.20703125 0.5067708333333333 0.01875 0.04479166666666667
2 0.221484375 0.46510416666666665 0.0234375 0.053125
3 0.729296875 0.39427083333333335 0.021875 0.0125
2 0.19453125 0.5390625 0.0125 0.036458333333333336
2 0.366796875 0.11145833333333334 0.0234375 0.03229166666666667
3 0.56484375 0.10104166666666667 0.00703125 0.023958333333333335
2 0.3859375 0.1359375 0.0203125 0.03333333333333333
3 0.54375 0.09583333333333334 0.0125 0.026041666666666668
3 0.4890625 0.07864583333333333 0.01171875 0.03229166666666667
3 0.571875 0.1078125 0.00703125 0.029166666666666667
3 0.7140625 0.3984375 0.0203125 0.016666666666666666
3 0.55625 0.10416666666666667 0.01015625 0.030208333333333334