2 0.2046875 0.50625 0.01875 0.04583333333333333
2 0.365234375 0.11145833333333334 0.0265625 0.023958333333333335
2 0.71171875 0.7927083333333333 0.01796875 0.028125
2 0.710546875 0.7635416666666667 0.01796875 0.028125
2 0.710546875 0.7208333333333333 0.021875 0.04375
2 0.694921875 0.42083333333333334 0.0515625 0.10520833333333333
2 0.73671875 0.17135416666666667 0.028125 0.027083333333333334
2 0.717578125 0.14427083333333332 0.0296875 0.022916666666666665
2 0.707421875 0.16302083333333334 0.03046875 0.029166666666666667
2 0.678515625 0.1375 0.03359375 0.025
1 0.466796875 0.0734375 0.1 0.07604166666666666
2 0.351953125 0.0890625 0.01875 0.027083333333333334
2 0.376953125 0.05260416666666667 0.02109375 0.017708333333333333
2 0.63671875 0.13854166666666667 0.03359375 0.022916666666666665
2 0.664453125 0.16458333333333333 0.0390625 0.03229166666666667
1 0.6921875 0.5619791666666667 0.08046875 0.21875
2 0.343359375 0.0765625 0.0140625 0.015625
2 0.358203125 0.042708333333333334 0.01640625 0.015625
1 0.3640625 0.023958333333333335 0.02734375 0.019791666666666666
1 0.395703125 0.03697916666666667 0.03984375 0.027083333333333334
2 0.3859375 0.13854166666666667 0.028125 0.036458333333333336
2 0.362890625 0.17604166666666668 0.0265625 0.040625
2 0.246875 0.4119791666666667 0.025 0.058333333333333334
2 0.221484375 0.4630208333333333 0.02109375 0.04375
2 0.1953125 0.5401041666666667 0.01484375 0.040625
3 0.316015625 0.2791666666666667 0.01796875 0.029166666666666667
3 0.781640625 0.3921875 0.01796875 0.013541666666666667