2 0.206640625 0.45260416666666664 0.021875 0.04791666666666667
2 0.335546875 0.8677083333333333 0.028125 0.027083333333333334
2 0.73359375 0.23854166666666668 0.0203125 0.030208333333333334
2 0.730078125 0.2671875 0.0203125 0.030208333333333334
2 0.7265625 0.3098958333333333 0.025 0.046875
2 0.6875 0.6057291666666667 0.059375 0.11145833333333334
2 0.709765625 0.8598958333333333 0.03046875 0.03125
2 0.688671875 0.8838541666666667 0.03125 0.027083333333333334
2 0.6796875 0.8640625 0.0328125 0.03333333333333333
2 0.64921875 0.8854166666666666 0.03515625 0.029166666666666667
1 0.43359375 0.9197916666666667 0.10546875 0.08958333333333333
2 0.320703125 0.8880208333333334 0.02109375 0.029166666666666667
2 0.342578125 0.9276041666666667 0.02265625 0.020833333333333332
2 0.6078125 0.8786458333333333 0.03515625 0.027083333333333334
2 0.637109375 0.85625 0.04140625 0.0375
1 0.69609375 0.46510416666666665 0.096875 0.22916666666666666
2 0.3109375 0.8994791666666667 0.01484375 0.017708333333333333
2 0.323046875 0.9348958333333334 0.0171875 0.017708333333333333
1 0.32734375 0.9546875 0.02890625 0.023958333333333335
1 0.36015625 0.9458333333333333 0.04140625 0.03229166666666667
2 0.358203125 0.84375 0.03046875 0.040625
2 0.33828125 0.803125 0.0296875 0.04375
2 0.24140625 0.5520833333333334 0.0296875 0.06145833333333333
2 0.219921875 0.4979166666666667 0.02421875 0.046875
2 0.2 0.41770833333333335 0.01796875 0.042708333333333334
3 0.299609375 0.69375 0.0203125 0.03125
3 0.771484375 0.6463541666666667 0.01875 0.015625