2 0.20625 0.5036458333333333 0.0203125 0.04375
2 0.354296875 0.0953125 0.0203125 0.019791666666666666
2 0.3671875 0.10729166666666666 0.02421875 0.023958333333333335
2 0.387109375 0.13697916666666668 0.0265625 0.03333333333333333
0 0.2359375 0.47760416666666666 0.02265625 0.01875
3 0.346484375 0.21927083333333333 0.0171875 0.022916666666666665
3 0.334375 0.22083333333333333 0.0140625 0.026041666666666668
2 0.345703125 0.0796875 0.01484375 0.014583333333333334
2 0.376953125 0.058333333333333334 0.01875 0.020833333333333332
2 0.711328125 0.7963541666666667 0.0171875 0.029166666666666667
1 0.34453125 0.1328125 0.053125 0.08229166666666667
1 0.369140625 0.0375 0.0375 0.03229166666666667
3 0.81640625 0.39375 0.01484375 0.013541666666666667
3 0.77421875 0.39427083333333335 0.0171875 0.0125
3 0.771875 0.38385416666666666 0.021875 0.009375
2 0.192578125 0.5401041666666667 0.0140625 0.040625
3 0.346484375 0.23229166666666667 0.01953125 0.021875
3 0.333203125 0.2484375 0.0140625 0.019791666666666666
3 0.272265625 0.3151041666666667 0.01640625 0.009375
2 0.687109375 0.5442708333333334 0.03125 0.08854166666666667
2 0.222265625 0.4630208333333333 0.02421875 0.052083333333333336