2 0.62734375 0.8552083333333333 0.0265625 0.0375
2 0.803515625 0.4375 0.01875 0.041666666666666664
2 0.793359375 0.4734375 0.02265625 0.04479166666666667
2 0.778125 0.51875 0.0265625 0.058333333333333334
2 0.308203125 0.4666666666666667 0.0453125 0.09375
3 0.475390625 0.4588541666666667 0.015625 0.025
1 0.65 0.9557291666666666 0.040625 0.03229166666666667
1 0.670703125 0.8546875 0.05625 0.0875
3 0.2765625 0.6526041666666667 0.0203125 0.014583333333333334
3 0.27265625 0.6359375 0.0234375 0.017708333333333333
3 0.17265625 0.6192708333333333 0.0109375 0.007291666666666667
0 0.579296875 0.6963541666666667 0.028125 0.03229166666666667
3 0.6890625 0.7375 0.0234375 0.028125
3 0.629296875 0.8161458333333333 0.0109375 0.023958333333333335
3 0.633984375 0.8114583333333333 0.01328125 0.020833333333333332
3 0.6265625 0.7942708333333334 0.01328125 0.022916666666666665
3 0.6234375 0.821875 0.0125 0.016666666666666666
3 0.613671875 0.809375 0.01875 0.03125
2 0.638671875 0.9322916666666666 0.01640625 0.017708333333333333
2 0.6703125 0.9098958333333333 0.01640625 0.020833333333333332
2 0.6625 0.8973958333333333 0.02109375 0.019791666666666666
2 0.64921875 0.8817708333333333 0.02265625 0.030208333333333334