2 0.366015625 0.1765625 0.028125 0.04479166666666667
2 0.378125 0.2796875 0.0546875 0.06354166666666666
2 0.368359375 0.34375 0.06640625 0.071875
2 0.273046875 0.46875 0.0421875 0.06875
2 0.246484375 0.41458333333333336 0.02421875 0.05625
2 0.221484375 0.46458333333333335 0.01484375 0.04895833333333333
2 0.20546875 0.5026041666666666 0.01796875 0.04479166666666667
2 0.19453125 0.5401041666666667 0.01484375 0.03229166666666667
2 0.558203125 0.18333333333333332 0.05546875 0.03958333333333333
3 0.71796875 0.3875 0.01953125 0.016666666666666666
1 0.38203125 0.029166666666666667 0.0359375 0.030208333333333334
1 0.425390625 0.050520833333333334 0.0515625 0.042708333333333334
1 0.554296875 0.11875 0.2015625 0.06875
1 0.693359375 0.5609375 0.0875 0.21979166666666666
2 0.696875 0.1359375 0.03671875 0.028125
2 0.38828125 0.14010416666666667 0.0265625 0.03958333333333333
2 0.366796875 0.11145833333333334 0.0234375 0.03229166666666667
2 0.3515625 0.090625 0.015625 0.023958333333333335