1 0.766015625 0.6963541666666667 0.040625 0.10104166666666667
2 0.203515625 0.609375 0.0203125 0.03958333333333333
2 0.21171875 0.5739583333333333 0.01875 0.04791666666666667
2 0.225 0.5276041666666667 0.03359375 0.06145833333333333
2 0.743359375 0.734375 0.021875 0.03229166666666667
2 0.737890625 0.6953125 0.021875 0.040625
2 0.72890625 0.6479166666666667 0.03125 0.059375
2 0.703125 0.5302083333333333 0.04375 0.096875
2 0.621484375 0.4666666666666667 0.0671875 0.11666666666666667
2 0.39765625 0.228125 0.0515625 0.07395833333333333
2 0.572265625 0.2833333333333333 0.06796875 0.09791666666666667
2 0.658984375 0.11927083333333334 0.03046875 0.0375
3 0.784375 0.31666666666666665 0.0234375 0.020833333333333332
2 0.623828125 0.128125 0.03984375 0.03333333333333333