3 0.54296875 0.5864583333333333 0.0296875 0.028125
2 0.737890625 0.3765625 0.0296875 0.058333333333333334
2 0.748828125 0.32708333333333334 0.02109375 0.040625
3 0.72265625 0.6645833333333333 0.0203125 0.021875
0 0.308203125 0.409375 0.02890625 0.020833333333333332
2 0.6265625 0.5380208333333333 0.06875 0.11458333333333333
2 0.667578125 0.5552083333333333 0.05625 0.10104166666666667
2 0.712890625 0.46458333333333335 0.0453125 0.08229166666666667
2 0.756640625 0.2875 0.0203125 0.03333333333333333
2 0.323828125 0.8171875 0.03359375 0.04479166666666667
2 0.221875 0.44895833333333335 0.03046875 0.059375
2 0.214453125 0.4 0.0296875 0.057291666666666664
2 0.21171875 0.35989583333333336 0.025 0.04479166666666667
0 0.326953125 0.3953125 0.02890625 0.023958333333333335
3 0.699609375 0.7098958333333333 0.02265625 0.025
3 0.458203125 0.8317708333333333 0.01953125 0.03333333333333333
3 0.451953125 0.7229166666666667 0.02890625 0.04479166666666667