1 0.614453125 0.8578125 0.04609375 0.07708333333333334
2 0.29375 0.40989583333333335 0.0546875 0.06875
2 0.43046875 0.14166666666666666 0.04453125 0.05625
2 0.522265625 0.15677083333333333 0.06015625 0.065625
2 0.661328125 0.15677083333333333 0.0515625 0.04479166666666667
2 0.700390625 0.19895833333333332 0.046875 0.03958333333333333
2 0.7109375 0.1640625 0.03359375 0.0375
2 0.744921875 0.20520833333333333 0.04375 0.03854166666666667
2 0.229296875 0.41041666666666665 0.03203125 0.053125
2 0.2078125 0.45260416666666664 0.021875 0.051041666666666666
2 0.191796875 0.48489583333333336 0.025 0.03958333333333333
2 0.645703125 0.8578125 0.02109375 0.027083333333333334
3 0.602734375 0.11354166666666667 0.01640625 0.028125
3 0.725390625 0.4197916666666667 0.02421875 0.023958333333333335