2 0.325390625 0.44583333333333336 0.06015625 0.10833333333333334
2 0.791796875 0.6317708333333333 0.025 0.04583333333333333
2 0.784765625 0.5963541666666666 0.0265625 0.057291666666666664
2 0.776953125 0.5453125 0.0375 0.06041666666666667
2 0.669140625 0.17552083333333332 0.03828125 0.053125
2 0.383203125 0.11770833333333333 0.04296875 0.041666666666666664
3 0.530859375 0.35 0.0265625 0.03854166666666667
3 0.76875 0.45 0.01796875 0.027083333333333334
3 0.42265625 0.16302083333333334 0.0171875 0.03229166666666667
2 0.287890625 0.540625 0.0484375 0.08333333333333333
2 0.26328125 0.6291666666666667 0.03359375 0.06041666666666667
2 0.253125 0.6791666666666667 0.02109375 0.040625
2 0.244921875 0.7171875 0.02265625 0.03333333333333333
2 0.371484375 0.46458333333333335 0.06953125 0.10833333333333334