2 0.68671875 0.890625 0.02421875 0.027083333333333334
3 0.31015625 0.6875 0.0234375 0.025
3 0.523046875 0.9015625 0.0171875 0.03229166666666667
2 0.373828125 0.5369791666666667 0.071875 0.11666666666666667
2 0.327734375 0.5546875 0.06328125 0.10729166666666666
2 0.28515625 0.4625 0.04765625 0.090625
2 0.259765625 0.3734375 0.03515625 0.06458333333333334
2 0.240625 0.28020833333333334 0.02109375 0.035416666666666666
2 0.77578125 0.259375 0.02421875 0.029166666666666667
2 0.784765625 0.2890625 0.0203125 0.03333333333333333
2 0.78984375 0.3619791666666667 0.02734375 0.046875
2 0.787109375 0.40260416666666665 0.02734375 0.053125
2 0.766015625 0.403125 0.028125 0.053125
2 0.776953125 0.44583333333333336 0.02734375 0.053125
2 0.676953125 0.8171875 0.03671875 0.04583333333333333
3 0.330859375 0.7390625 0.025 0.028125