3 0.557421875 0.43020833333333336 0.0265625 0.019791666666666666
2 0.70859375 0.6963541666666667 0.0203125 0.053125
2 0.71015625 0.7479166666666667 0.01484375 0.036458333333333336
3 0.74609375 0.4119791666666667 0.01796875 0.016666666666666666
0 0.29765625 0.5260416666666666 0.02734375 0.0125
2 0.6296875 0.5041666666666667 0.0515625 0.10104166666666667
2 0.67265625 0.5005208333333333 0.040625 0.090625
2 0.7 0.603125 0.0328125 0.07395833333333333
2 0.710546875 0.7890625 0.015625 0.029166666666666667
2 0.38671875 0.13541666666666666 0.02734375 0.0375
2 0.220703125 0.45989583333333334 0.02109375 0.05416666666666667
2 0.2046875 0.5046875 0.02109375 0.052083333333333336
2 0.194921875 0.5427083333333333 0.01796875 0.040625
0 0.31328125 0.5458333333333333 0.0265625 0.015625
3 0.731640625 0.3609375 0.01953125 0.01875
3 0.51953125 0.16458333333333333 0.01484375 0.029166666666666667
3 0.49375 0.2682291666666667 0.02265625 0.03854166666666667