2 0.679296875 0.49947916666666664 0.0453125 0.096875
2 0.193359375 0.540625 0.01875 0.041666666666666664
2 0.20625 0.5083333333333333 0.01796875 0.053125
2 0.22265625 0.4609375 0.0296875 0.053125
2 0.38984375 0.13333333333333333 0.03125 0.04479166666666667
2 0.678125 0.1625 0.0390625 0.03125
3 0.4953125 0.34479166666666666 0.021875 0.03229166666666667
3 0.246484375 0.37083333333333335 0.01484375 0.022916666666666665
3 0.63203125 0.19479166666666667 0.0125 0.029166666666666667
2 0.7 0.603125 0.03671875 0.07395833333333333
2 0.708984375 0.696875 0.025 0.05416666666666667
2 0.71015625 0.7484375 0.01484375 0.0375
2 0.71171875 0.7880208333333333 0.01796875 0.029166666666666667
2 0.63125 0.5041666666666667 0.0546875 0.09479166666666666