2 0.688671875 0.7463541666666667 0.01796875 0.041666666666666664
2 0.60546875 0.13333333333333333 0.0515625 0.03958333333333333
2 0.65546875 0.17083333333333334 0.05078125 0.036458333333333336
3 0.7140625 0.3802083333333333 0.01796875 0.022916666666666665
2 0.558203125 0.33541666666666664 0.0328125 0.121875
2 0.4765625 0.10572916666666667 0.04296875 0.027083333333333334
2 0.400390625 0.06770833333333333 0.0234375 0.020833333333333332
2 0.38671875 0.13541666666666666 0.03125 0.04375
2 0.339453125 0.38333333333333336 0.06328125 0.07395833333333333
2 0.220703125 0.4630208333333333 0.025 0.052083333333333336
2 0.205859375 0.5046875 0.02109375 0.040625
3 0.54375 0.09947916666666666 0.01015625 0.027083333333333334
2 0.19296875 0.5421875 0.01796875 0.03958333333333333
3 0.765625 0.37864583333333335 0.02265625 0.013541666666666667
2 0.67578125 0.5057291666666667 0.0390625 0.08645833333333333
2 0.698046875 0.6052083333333333 0.0328125 0.07604166666666666