2 0.3578125 0.1828125 0.02890625 0.04583333333333333
2 0.372265625 0.28541666666666665 0.05625 0.065625
2 0.364453125 0.35 0.06796875 0.075
2 0.272265625 0.4791666666666667 0.04375 0.07083333333333333
2 0.24453125 0.4265625 0.02578125 0.057291666666666664
2 0.220703125 0.47760416666666666 0.01640625 0.05
2 0.205859375 0.5161458333333333 0.01875 0.04583333333333333
2 0.195703125 0.5541666666666667 0.015625 0.03333333333333333
2 0.55 0.18072916666666666 0.05625 0.041666666666666664
3 0.71484375 0.3776041666666667 0.0203125 0.017708333333333333
1 0.369921875 0.034895833333333334 0.03671875 0.03229166666666667
1 0.413671875 0.05416666666666667 0.05234375 0.04479166666666667
1 0.544140625 0.11666666666666667 0.203125 0.078125
1 0.694921875 0.5520833333333334 0.09296875 0.22395833333333334
2 0.687109375 0.12708333333333333 0.0375 0.030208333333333334
2 0.37890625 0.1453125 0.02734375 0.040625
2 0.356640625 0.11770833333333333 0.02421875 0.03333333333333333
2 0.341015625 0.09791666666666667 0.01640625 0.025