3 0.293359375 0.2994791666666667 0.0171875 0.023958333333333335
2 0.78046875 0.48489583333333336 0.01875 0.04895833333333333
2 0.325 0.4895833333333333 0.04921875 0.09791666666666667
2 0.29609375 0.5901041666666667 0.0421875 0.08854166666666667
2 0.279296875 0.7515625 0.021875 0.036458333333333336
2 0.3421875 0.7786458333333334 0.03203125 0.03958333333333333
2 0.79453125 0.5255208333333333 0.01875 0.041666666666666664
2 0.803515625 0.5645833333333333 0.01875 0.040625
2 0.62890625 0.14375 0.03203125 0.042708333333333334
2 0.73046875 0.43645833333333334 0.046875 0.0875
2 0.625 0.07135416666666666 0.025 0.030208333333333334
2 0.542578125 0.23177083333333334 0.04296875 0.057291666666666664
2 0.344140625 0.1515625 0.034375 0.03125
2 0.371484375 0.49947916666666664 0.05546875 0.1125
3 0.47265625 0.09739583333333333 0.0125 0.030208333333333334
3 0.29296875 0.3609375 0.0203125 0.020833333333333332