2 0.61640625 0.8651041666666667 0.02109375 0.035416666666666666
2 0.287890625 0.20364583333333333 0.01484375 0.029166666666666667
2 0.80625 0.46197916666666666 0.015625 0.03958333333333333
2 0.79375 0.4942708333333333 0.01796875 0.04479166666666667
2 0.776953125 0.5359375 0.02421875 0.052083333333333336
2 0.623046875 0.9416666666666667 0.01875 0.020833333333333332
2 0.655859375 0.9203125 0.015625 0.019791666666666666
2 0.6453125 0.9083333333333333 0.01796875 0.023958333333333335
2 0.633203125 0.890625 0.02109375 0.025
3 0.289453125 0.6041666666666666 0.01796875 0.0125
1 0.632421875 0.9630208333333333 0.0390625 0.030208333333333334
3 0.451953125 0.8869791666666667 0.01015625 0.027083333333333334
3 0.453125 0.9041666666666667 0.0078125 0.022916666666666665
3 0.465625 0.8875 0.0078125 0.019791666666666666
3 0.496484375 0.89375 0.01015625 0.022916666666666665
3 0.531640625 0.9052083333333333 0.01171875 0.023958333333333335
3 0.272265625 0.6 0.0203125 0.013541666666666667
1 0.656640625 0.8661458333333333 0.053125 0.084375
3 0.31015625 0.7125 0.025 0.030208333333333334