1 0.55390625 0.9854166666666667 0.0390625 0.029166666666666667
2 0.57109375 0.8958333333333334 0.0375 0.04479166666666667
2 0.692578125 0.6088541666666667 0.04765625 0.071875
2 0.765625 0.5239583333333333 0.034375 0.04791666666666667
2 0.376171875 0.21770833333333334 0.034375 0.042708333333333334
2 0.7390625 0.64375 0.03046875 0.06145833333333333
2 0.766015625 0.6 0.03203125 0.059375
2 0.79140625 0.5635416666666667 0.0296875 0.042708333333333334
2 0.80703125 0.5328125 0.0234375 0.041666666666666664
3 0.2703125 0.5609375 0.021875 0.019791666666666666
1 0.322265625 0.2125 0.0515625 0.10520833333333333
1 0.28828125 0.8239583333333333 0.121875 0.07291666666666667
2 0.2890625 0.7927083333333333 0.0375 0.034375
1 0.51796875 0.9630208333333333 0.0515625 0.052083333333333336
2 0.175 0.7192708333333333 0.03125 0.041666666666666664
2 0.257421875 0.7854166666666667 0.03515625 0.041666666666666664
2 0.603125 0.9583333333333334 0.01796875 0.020833333333333332