3 0.54375 0.12552083333333333 0.01015625 0.027083333333333334
2 0.628515625 0.5057291666666667 0.0515625 0.10104166666666667
2 0.67578125 0.5041666666666667 0.0453125 0.09479166666666666
2 0.698046875 0.6052083333333333 0.034375 0.08125
2 0.710546875 0.7494791666666667 0.015625 0.03333333333333333
2 0.711328125 0.7880208333333333 0.01875 0.03229166666666667
2 0.223828125 0.45989583333333334 0.0234375 0.04583333333333333
2 0.205859375 0.5036458333333333 0.0171875 0.04583333333333333
2 0.1953125 0.540625 0.01484375 0.041666666666666664
2 0.38671875 0.134375 0.02734375 0.03958333333333333
3 0.7671875 0.3671875 0.0171875 0.01875
3 0.761328125 0.4817708333333333 0.0265625 0.01875
2 0.707421875 0.696875 0.0265625 0.05416666666666667
3 0.608984375 0.27395833333333336 0.0125 0.03333333333333333
3 0.6546875 0.396875 0.021875 0.03229166666666667