2 0.38671875 0.13645833333333332 0.025 0.035416666666666666
2 0.19453125 0.5411458333333333 0.0171875 0.040625
2 0.205859375 0.50625 0.02109375 0.04375
2 0.223046875 0.46197916666666666 0.02421875 0.05625
2 0.690234375 0.546875 0.0421875 0.090625
3 0.523046875 0.5427083333333333 0.01484375 0.023958333333333335
1 0.36796875 0.034375 0.03984375 0.029166666666666667
1 0.343359375 0.13385416666666666 0.053125 0.084375
3 0.729296875 0.36302083333333335 0.01953125 0.013541666666666667
3 0.732421875 0.3802083333333333 0.02265625 0.016666666666666666
3 0.831640625 0.4036458333333333 0.0109375 0.00625
0 0.428515625 0.2984375 0.02734375 0.030208333333333334
3 0.320703125 0.24947916666666667 0.02265625 0.027083333333333334
3 0.383203125 0.175 0.01015625 0.022916666666666665
3 0.378515625 0.1796875 0.0125 0.019791666666666666
3 0.38515625 0.19739583333333333 0.0125 0.021875
3 0.389453125 0.16979166666666667 0.01171875 0.015625
3 0.3984375 0.18333333333333332 0.01796875 0.030208333333333334
2 0.378515625 0.058854166666666666 0.015625 0.016666666666666666
2 0.34609375 0.07864583333333333 0.015625 0.019791666666666666
2 0.353515625 0.09166666666666666 0.0203125 0.01875
2 0.366015625 0.10833333333333334 0.021875 0.029166666666666667