2 0.399609375 0.32916666666666666 0.0640625 0.06145833333333333
2 0.223046875 0.46510416666666665 0.021875 0.04479166666666667
2 0.204296875 0.5046875 0.01796875 0.04375
2 0.194921875 0.5421875 0.0203125 0.03958333333333333
2 0.679296875 0.5015625 0.04296875 0.08958333333333333
2 0.650390625 0.5703125 0.05703125 0.08645833333333333
2 0.6171875 0.7057291666666666 0.03671875 0.06979166666666667
2 0.70078125 0.6052083333333333 0.0359375 0.078125
2 0.71015625 0.8088541666666667 0.0171875 0.029166666666666667
2 0.426953125 0.08802083333333334 0.034375 0.03333333333333333
2 0.377734375 0.05520833333333333 0.0203125 0.015625
2 0.3828125 0.13541666666666666 0.040625 0.04375
3 0.712890625 0.37604166666666666 0.01796875 0.021875
3 0.54296875 0.096875 0.009375 0.029166666666666667
2 0.414453125 0.2604166666666667 0.08125 0.07291666666666667
3 0.72578125 0.33177083333333335 0.01953125 0.01875