3 0.296484375 0.34427083333333336 0.01875 0.017708333333333333
3 0.309375 0.3223958333333333 0.02421875 0.029166666666666667
1 0.658984375 0.09010416666666667 0.0546875 0.053125
1 0.5703125 0.10208333333333333 0.14453125 0.128125
1 0.305859375 0.49635416666666665 0.1203125 0.23645833333333333
1 0.699609375 0.08020833333333334 0.04140625 0.042708333333333334
2 0.761328125 0.49947916666666664 0.03125 0.059375
2 0.7765625 0.5557291666666667 0.0328125 0.05520833333333333
2 0.78515625 0.5989583333333334 0.025 0.04583333333333333
2 0.78984375 0.6375 0.021875 0.03958333333333333
2 0.255859375 0.646875 0.025 0.052083333333333336
2 0.6890625 0.2296875 0.03046875 0.04791666666666667
2 0.674609375 0.18645833333333334 0.03125 0.04479166666666667
2 0.70078125 0.16458333333333333 0.02265625 0.034375
2 0.718359375 0.15104166666666666 0.02109375 0.025
2 0.707421875 0.10260416666666666 0.01953125 0.021875
2 0.674609375 0.1140625 0.02734375 0.03125
2 0.413671875 0.09791666666666667 0.04453125 0.042708333333333334
2 0.3578125 0.08541666666666667 0.034375 0.0375
3 0.221875 0.30625 0.0171875 0.020833333333333332