2 0.390234375 0.13854166666666667 0.028125 0.03958333333333333
2 0.20546875 0.5046875 0.01796875 0.04895833333333333
2 0.367578125 0.178125 0.02734375 0.036458333333333336
2 0.365234375 0.11197916666666667 0.0265625 0.028125
2 0.353125 0.09010416666666667 0.0171875 0.020833333333333332
3 0.73984375 0.3885416666666667 0.0171875 0.0125
3 0.716796875 0.39166666666666666 0.0265625 0.015625
2 0.1953125 0.5432291666666667 0.0125 0.03333333333333333
1 0.690234375 0.5619791666666667 0.090625 0.225
1 0.503515625 0.09114583333333333 0.13671875 0.0875
1 0.42265625 0.0484375 0.0484375 0.04479166666666667
2 0.69296875 0.13958333333333334 0.03046875 0.020833333333333332
2 0.75546875 0.17083333333333334 0.02734375 0.025
2 0.2453125 0.41458333333333336 0.0265625 0.05
1 0.38203125 0.0296875 0.0375 0.029166666666666667
2 0.225 0.46510416666666665 0.0234375 0.053125
2 0.71171875 0.7208333333333333 0.028125 0.05416666666666667
2 0.4625 0.1625 0.03046875 0.051041666666666666
2 0.41796875 0.08489583333333334 0.03125 0.029166666666666667