1 0.367578125 0.035416666666666666 0.04140625 0.023958333333333335
3 0.32109375 0.23802083333333332 0.0125 0.022916666666666665
2 0.35390625 0.0921875 0.0234375 0.019791666666666666
2 0.34609375 0.07864583333333333 0.0140625 0.019791666666666666
3 0.78828125 0.4015625 0.01640625 0.010416666666666666
3 0.33046875 0.24791666666666667 0.0125 0.023958333333333335
3 0.323828125 0.26614583333333336 0.01796875 0.023958333333333335
3 0.31328125 0.2765625 0.0171875 0.021875
2 0.223046875 0.46197916666666666 0.028125 0.05625
2 0.709375 0.74375 0.01796875 0.03958333333333333
2 0.686328125 0.5473958333333333 0.0390625 0.08958333333333333
3 0.787109375 0.3932291666666667 0.01640625 0.009375
3 0.80625 0.3890625 0.0125 0.010416666666666666
2 0.20390625 0.5036458333333333 0.02109375 0.04895833333333333
2 0.193359375 0.5390625 0.01484375 0.03958333333333333
1 0.34453125 0.134375 0.05078125 0.08229166666666667
3 0.251171875 0.34791666666666665 0.01484375 0.019791666666666666
2 0.384375 0.1359375 0.0296875 0.036458333333333336
2 0.379296875 0.058333333333333334 0.0171875 0.023958333333333335
2 0.36640625 0.109375 0.02109375 0.025