1 0.736328125 0.7546875 0.02890625 0.09583333333333334
2 0.19375 0.5390625 0.015625 0.036458333333333336
2 0.20625 0.50625 0.01328125 0.04583333333333333
2 0.225390625 0.4635416666666667 0.0265625 0.05625
2 0.708984375 0.7869791666666667 0.01875 0.028125
2 0.708984375 0.7473958333333334 0.0171875 0.0375
2 0.70625 0.6984375 0.02421875 0.05416666666666667
2 0.69609375 0.5765625 0.0328125 0.090625
2 0.623828125 0.4953125 0.0546875 0.10520833333333333
2 0.434765625 0.20885416666666667 0.04375 0.06458333333333334
2 0.59921875 0.303125 0.0578125 0.08541666666666667
2 0.70625 0.16197916666666667 0.0265625 0.03229166666666667
3 0.80390625 0.3854166666666667 0.021875 0.015625
2 0.6703125 0.1625 0.0375 0.025