2 0.2859375 0.5375 0.03828125 0.078125
0 0.27578125 0.340625 0.025 0.035416666666666666
3 0.590625 0.15625 0.01796875 0.03229166666666667
3 0.600390625 0.1453125 0.01171875 0.027083333333333334
3 0.6 0.16510416666666666 0.015625 0.027083333333333334
3 0.61171875 0.15208333333333332 0.01640625 0.025
3 0.619140625 0.15364583333333334 0.0125 0.028125
3 0.666015625 0.20260416666666667 0.01875 0.030208333333333334
3 0.394921875 0.31666666666666665 0.021875 0.029166666666666667
3 0.3953125 0.35625 0.01953125 0.023958333333333335
3 0.403125 0.3458333333333333 0.01875 0.021875
3 0.387890625 0.39427083333333335 0.01875 0.021875
1 0.72265625 0.1984375 0.0671875 0.09791666666666667
1 0.717578125 0.096875 0.04609375 0.040625
2 0.78828125 0.6453125 0.021875 0.041666666666666664
2 0.783203125 0.60625 0.02890625 0.051041666666666666
2 0.776171875 0.5625 0.03125 0.059375
2 0.702734375 0.11354166666666667 0.01796875 0.022916666666666665
2 0.731640625 0.1453125 0.01875 0.023958333333333335
2 0.722265625 0.15677083333333333 0.01875 0.028125
2 0.705078125 0.16875 0.02578125 0.03125
2 0.6828125 0.18697916666666667 0.025 0.041666666666666664
3 0.532421875 0.08125 0.021875 0.03229166666666667