3 0.196484375 0.43854166666666666 0.01328125 0.015625
3 0.191796875 0.4552083333333333 0.01796875 0.010416666666666666
3 0.191796875 0.4640625 0.01640625 0.016666666666666666
3 0.74765625 0.334375 0.01640625 0.016666666666666666
2 0.315234375 0.7291666666666666 0.028125 0.05
2 0.3234375 0.840625 0.01796875 0.030208333333333334
2 0.31796875 0.5817708333333333 0.05 0.09375
2 0.770703125 0.4119791666666667 0.0265625 0.058333333333333334
2 0.60390625 0.0703125 0.02265625 0.026041666666666668
2 0.609765625 0.05520833333333333 0.01953125 0.019791666666666666
2 0.5734375 0.0390625 0.01875 0.022916666666666665
2 0.592578125 0.08697916666666666 0.0234375 0.03229166666666667
3 0.683984375 0.26927083333333335 0.01640625 0.020833333333333332
1 0.616015625 0.10885416666666667 0.06171875 0.09166666666666666
1 0.583984375 0.01875 0.0421875 0.036458333333333336
2 0.80625 0.484375 0.021875 0.03854166666666667
2 0.790625 0.45208333333333334 0.0234375 0.052083333333333336
2 0.575 0.11875 0.03125 0.040625
3 0.673828125 0.2682291666666667 0.01875 0.025
3 0.660546875 0.253125 0.01640625 0.01875
3 0.66640625 0.23645833333333333 0.015625 0.01875
3 0.656640625 0.22604166666666667 0.021875 0.026041666666666668