2 0.667578125 0.1671875 0.0453125 0.0375
3 0.542578125 0.10104166666666667 0.0125 0.027083333333333334
3 0.71328125 0.3776041666666667 0.02421875 0.01875
2 0.38359375 0.13385416666666666 0.03125 0.04375
2 0.621484375 0.13177083333333334 0.05546875 0.03333333333333333
2 0.671875 0.13229166666666667 0.0265625 0.023958333333333335
2 0.710546875 0.16302083333333334 0.0328125 0.03229166666666667
2 0.8 0.225 0.028125 0.035416666666666666
2 0.78828125 0.26197916666666665 0.015625 0.025
1 0.65078125 0.8296875 0.04140625 0.06875
2 0.712109375 0.7578125 0.0234375 0.04791666666666667
2 0.2875 0.4484375 0.040625 0.06458333333333334
2 0.221484375 0.46145833333333336 0.025 0.04895833333333333
2 0.20546875 0.5078125 0.021875 0.05416666666666667
2 0.19609375 0.5421875 0.01796875 0.036458333333333336
2 0.7 0.6286458333333333 0.03046875 0.07604166666666666