2 0.673828125 0.16822916666666668 0.034375 0.025
2 0.571484375 0.12760416666666666 0.0546875 0.025
2 0.673828125 0.13645833333333332 0.034375 0.023958333333333335
3 0.58359375 0.103125 0.00546875 0.019791666666666666
3 0.574609375 0.10833333333333334 0.0078125 0.021875
3 0.56640625 0.10572916666666667 0.0078125 0.027083333333333334
3 0.5953125 0.10572916666666667 0.0078125 0.01875
3 0.587890625 0.10260416666666666 0.00703125 0.01875
4 0.759375 0.153125 0.03125 0.052083333333333336
2 0.44609375 0.09270833333333334 0.0328125 0.025
2 0.38359375 0.05625 0.02109375 0.016666666666666666
2 0.359375 0.10104166666666667 0.0296875 0.03333333333333333
2 0.38671875 0.13541666666666666 0.02734375 0.03229166666666667
2 0.594140625 0.5567708333333333 0.04296875 0.11354166666666667
2 0.245703125 0.41302083333333334 0.025 0.058333333333333334
2 0.22265625 0.46458333333333335 0.02109375 0.04895833333333333
2 0.2046875 0.5041666666666667 0.01484375 0.04791666666666667
2 0.19375 0.5385416666666667 0.01328125 0.0375
3 0.348046875 0.23802083333333332 0.01640625 0.019791666666666666
3 0.341015625 0.2234375 0.0140625 0.015625
3 0.712109375 0.3921875 0.021875 0.016666666666666666
3 0.54765625 0.09322916666666667 0.009375 0.023958333333333335
3 0.5578125 0.09427083333333333 0.009375 0.029166666666666667
2 0.719140625 0.14635416666666667 0.02421875 0.023958333333333335