2 0.425390625 0.090625 0.03125 0.029166666666666667
2 0.63125 0.6583333333333333 0.03125 0.06145833333333333
2 0.5109375 0.3619791666666667 0.0703125 0.121875
2 0.52734375 0.20572916666666666 0.06953125 0.04479166666666667
2 0.26796875 0.48020833333333335 0.03984375 0.058333333333333334
2 0.220703125 0.46510416666666665 0.01875 0.04791666666666667
2 0.205859375 0.50625 0.01875 0.04375
2 0.19375 0.5432291666666667 0.015625 0.036458333333333336
2 0.6671875 0.7776041666666667 0.02109375 0.03958333333333333
2 0.38671875 0.059375 0.0171875 0.017708333333333333
2 0.364453125 0.0453125 0.0171875 0.017708333333333333
2 0.693359375 0.14010416666666667 0.0359375 0.028125
2 0.690234375 0.1625 0.0375 0.03125
1 0.649609375 0.8255208333333334 0.04140625 0.07916666666666666
3 0.71953125 0.3885416666666667 0.02265625 0.021875