1 0.65078125 0.8333333333333334 0.0390625 0.07083333333333333
2 0.286328125 0.44895833333333335 0.04921875 0.06041666666666667
2 0.39375 0.1578125 0.03984375 0.04895833333333333
2 0.486328125 0.15572916666666667 0.0546875 0.05625
2 0.623828125 0.13020833333333334 0.0484375 0.036458333333333336
2 0.6671875 0.16458333333333333 0.04375 0.03229166666666667
2 0.673828125 0.128125 0.03046875 0.03229166666666667
2 0.71171875 0.1625 0.040625 0.03125
2 0.22265625 0.46145833333333336 0.02734375 0.04895833333333333
2 0.205859375 0.5072916666666667 0.0171875 0.04791666666666667
2 0.193359375 0.5421875 0.02109375 0.036458333333333336
2 0.681640625 0.8270833333333333 0.01875 0.023958333333333335
3 0.561328125 0.0984375 0.0140625 0.026041666666666668
3 0.71484375 0.37864583333333335 0.02265625 0.019791666666666666