2 0.74140625 0.21927083333333333 0.04296875 0.03854166666666667
2 0.4171875 0.140625 0.03671875 0.053125
2 0.266015625 0.4244791666666667 0.04375 0.065625
2 0.695703125 0.21197916666666666 0.0421875 0.035416666666666666
2 0.446875 0.11979166666666667 0.034375 0.04375
2 0.383203125 0.31979166666666664 0.07265625 0.09270833333333334
1 0.678515625 0.6380208333333334 0.10703125 0.221875
1 0.459375 0.0140625 0.040625 0.028125
1 0.49375 0.035416666666666666 0.0546875 0.058333333333333334
2 0.234765625 0.38697916666666665 0.02265625 0.04895833333333333
1 0.699609375 0.17708333333333334 0.1390625 0.08229166666666667
3 0.7296875 0.4510416666666667 0.02421875 0.021875
2 0.26640625 0.34479166666666666 0.0296875 0.058333333333333334
2 0.21171875 0.4244791666666667 0.02734375 0.053125
2 0.19453125 0.45729166666666665 0.02109375 0.04375
2 0.42734375 0.078125 0.02265625 0.03333333333333333
2 0.416796875 0.052083333333333336 0.01640625 0.030208333333333334
2 0.791796875 0.23489583333333333 0.0375 0.034375