1 0.59609375 0.9270833333333334 0.05390625 0.07708333333333334
2 0.766015625 0.6177083333333333 0.03203125 0.057291666666666664
2 0.787109375 0.5838541666666667 0.028125 0.053125
2 0.80390625 0.5536458333333333 0.02109375 0.040625
2 0.551171875 0.890625 0.0328125 0.04479166666666667
2 0.544140625 0.9692708333333333 0.01875 0.023958333333333335
2 0.563671875 0.9213541666666667 0.02578125 0.034375
2 0.57421875 0.9416666666666667 0.02109375 0.023958333333333335
3 0.25859375 0.534375 0.021875 0.020833333333333332
3 0.441015625 0.9145833333333333 0.0109375 0.023958333333333335
3 0.348828125 0.85625 0.01796875 0.035416666666666666
3 0.3578125 0.8697916666666666 0.01328125 0.025
3 0.36640625 0.8661458333333333 0.01328125 0.028125
3 0.372265625 0.8817708333333333 0.015625 0.029166666666666667
3 0.26640625 0.6088541666666667 0.0234375 0.029166666666666667
3 0.275390625 0.5348958333333333 0.02421875 0.019791666666666666
1 0.55078125 0.9854166666666667 0.0453125 0.029166666666666667