2 0.194921875 0.540625 0.015625 0.036458333333333336
2 0.365625 0.10833333333333334 0.0234375 0.027083333333333334
1 0.35625 0.0359375 0.0390625 0.022916666666666665
1 0.34296875 0.13385416666666666 0.04921875 0.0875
3 0.7203125 0.384375 0.01953125 0.016666666666666666
2 0.683984375 0.1390625 0.03984375 0.023958333333333335
2 0.6890625 0.5427083333333333 0.02734375 0.08541666666666667
2 0.70234375 0.6567708333333333 0.021875 0.06458333333333334
2 0.71015625 0.7197916666666667 0.02109375 0.04479166666666667
2 0.38359375 0.14010416666666667 0.025 0.04479166666666667
2 0.3546875 0.09375 0.01796875 0.019791666666666666
2 0.344140625 0.07916666666666666 0.01328125 0.01875
2 0.371484375 0.0515625 0.015625 0.019791666666666666
2 0.223828125 0.46197916666666666 0.025 0.051041666666666666
2 0.20546875 0.5046875 0.01796875 0.04583333333333333