2 0.292578125 0.8552083333333333 0.028125 0.03333333333333333
2 0.20859375 0.36822916666666666 0.021875 0.041666666666666664
2 0.212890625 0.4088541666666667 0.0234375 0.04583333333333333
2 0.2234375 0.4505208333333333 0.0296875 0.05520833333333333
2 0.281640625 0.4875 0.0546875 0.07604166666666666
2 0.5515625 0.8953125 0.0484375 0.036458333333333336
2 0.69375 0.8890625 0.028125 0.03958333333333333
2 0.607421875 0.875 0.0484375 0.05625
3 0.557421875 0.9296875 0.01640625 0.026041666666666668
3 0.690234375 0.6739583333333333 0.02734375 0.023958333333333335
1 0.703125 0.2203125 0.0515625 0.078125
2 0.297265625 0.9010416666666666 0.0203125 0.025