2 0.29765625 0.21614583333333334 0.025 0.03958333333333333
2 0.3140625 0.2953125 0.0328125 0.065625
2 0.26328125 0.8 0.03046875 0.03229166666666667
2 0.2953125 0.8041666666666667 0.03359375 0.03333333333333333
2 0.8078125 0.5161458333333333 0.025 0.04375
2 0.2828125 0.3546875 0.03671875 0.078125
2 0.351953125 0.5729166666666666 0.065625 0.11041666666666666
2 0.690625 0.665625 0.05 0.058333333333333334
3 0.227734375 0.5817708333333333 0.021875 0.01875
2 0.791796875 0.5526041666666667 0.02421875 0.040625
2 0.7703125 0.5890625 0.02890625 0.05416666666666667
1 0.51015625 0.94375 0.08515625 0.078125
2 0.5234375 0.9072916666666667 0.03515625 0.034375