2 0.223046875 0.46197916666666666 0.021875 0.04479166666666667
2 0.2453125 0.41302083333333334 0.02421875 0.05625
3 0.60390625 0.11302083333333333 0.00703125 0.01875
2 0.1953125 0.5411458333333333 0.01484375 0.035416666666666666
2 0.651953125 0.16927083333333334 0.0390625 0.03125
2 0.6796875 0.1359375 0.03359375 0.025
2 0.71640625 0.1421875 0.0296875 0.017708333333333333
2 0.708203125 0.16458333333333333 0.02734375 0.017708333333333333
2 0.73828125 0.17135416666666667 0.02734375 0.029166666666666667
2 0.6390625 0.13802083333333334 0.04296875 0.027083333333333334
3 0.596484375 0.10729166666666666 0.00546875 0.021875
3 0.591015625 0.10104166666666667 0.00703125 0.01875
3 0.5796875 0.10833333333333334 0.00703125 0.021875
3 0.584375 0.11145833333333334 0.00703125 0.01875
3 0.558984375 0.09114583333333333 0.0140625 0.022916666666666665
3 0.7140625 0.3932291666666667 0.01796875 0.01875
3 0.337109375 0.22552083333333334 0.0125 0.019791666666666666
3 0.35078125 0.23854166666666668 0.01484375 0.021875
2 0.205859375 0.5072916666666667 0.01484375 0.04479166666666667
2 0.333984375 0.3927083333333333 0.05078125 0.065625
2 0.408203125 0.08072916666666667 0.02421875 0.020833333333333332