2 0.508984375 0.07864583333333333 0.03515625 0.0375
2 0.396484375 0.6911458333333333 0.03984375 0.06875
2 0.46796875 0.36822916666666666 0.0875 0.13854166666666667
2 0.42734375 0.21979166666666666 0.075 0.06354166666666666
2 0.723828125 0.4161458333333333 0.0484375 0.06770833333333333
2 0.767578125 0.3885416666666667 0.02578125 0.052083333333333336
2 0.788671875 0.4244791666666667 0.025 0.04791666666666667
2 0.80625 0.45729166666666665 0.02109375 0.03958333333333333
2 0.3796875 0.8177083333333334 0.0265625 0.04479166666666667
2 0.5421875 0.0375 0.01953125 0.021875
2 0.56171875 0.017708333333333333 0.01953125 0.021875
2 0.2546875 0.2015625 0.03984375 0.0375
2 0.261328125 0.22239583333333332 0.04140625 0.040625
1 0.404296875 0.8598958333333333 0.053125 0.08854166666666667
3 0.26796875 0.45208333333333334 0.02578125 0.028125