2 0.371875 0.10833333333333334 0.01875 0.029166666666666667
3 0.225 0.41354166666666664 0.0171875 0.010416666666666666
2 0.359375 0.09010416666666667 0.0171875 0.020833333333333332
2 0.35 0.0734375 0.01484375 0.022916666666666665
2 0.383984375 0.05416666666666667 0.02109375 0.01875
3 0.2328125 0.40677083333333336 0.01953125 0.0125
3 0.235546875 0.3953125 0.0203125 0.013541666666666667
3 0.233984375 0.3859375 0.01796875 0.010416666666666666
3 0.237109375 0.37552083333333336 0.01796875 0.016666666666666666
1 0.375 0.0296875 0.04375 0.023958333333333335
1 0.348046875 0.13020833333333334 0.05234375 0.09166666666666666
2 0.686328125 0.5494791666666666 0.028125 0.08958333333333333
2 0.7546875 0.178125 0.0265625 0.023958333333333335
2 0.700390625 0.659375 0.02109375 0.057291666666666664
2 0.70625 0.7239583333333334 0.021875 0.040625
2 0.192578125 0.5333333333333333 0.01640625 0.03958333333333333
2 0.20390625 0.4947916666666667 0.01953125 0.051041666666666666
2 0.221875 0.4588541666666667 0.021875 0.053125
2 0.38984375 0.134375 0.02265625 0.036458333333333336
3 0.72734375 0.38697916666666665 0.01953125 0.016666666666666666