1 0.6515625 0.834375 0.04140625 0.071875
2 0.66796875 0.16822916666666668 0.03984375 0.036458333333333336
2 0.3625 0.103125 0.02109375 0.029166666666666667
2 0.621875 0.1359375 0.0484375 0.03125
2 0.672265625 0.13541666666666666 0.03359375 0.027083333333333334
2 0.714453125 0.16197916666666667 0.03359375 0.027083333333333334
2 0.6984375 0.23229166666666667 0.0421875 0.04479166666666667
2 0.71328125 0.76875 0.01484375 0.041666666666666664
2 0.649609375 0.7197916666666667 0.034375 0.06145833333333333
2 0.1921875 0.540625 0.01484375 0.03958333333333333
2 0.20546875 0.5057291666666667 0.0203125 0.041666666666666664
2 0.221484375 0.46510416666666665 0.0171875 0.053125
2 0.284765625 0.44947916666666665 0.05078125 0.058333333333333334
3 0.545703125 0.09895833333333333 0.0125 0.025
3 0.711328125 0.3802083333333333 0.02109375 0.021875