2 0.710546875 0.7177083333333333 0.0203125 0.04583333333333333
2 0.73359375 0.6484375 0.0203125 0.06145833333333333
2 0.365234375 0.1765625 0.028125 0.041666666666666664
2 0.38984375 0.1421875 0.02734375 0.0375
2 0.365234375 0.10833333333333334 0.03046875 0.023958333333333335
2 0.351953125 0.08958333333333333 0.02109375 0.019791666666666666
2 0.380859375 0.0546875 0.0203125 0.019791666666666666
2 0.71171875 0.771875 0.01328125 0.028125
1 0.382421875 0.029166666666666667 0.0390625 0.023958333333333335
2 0.1953125 0.5427083333333333 0.0171875 0.040625
1 0.420703125 0.0484375 0.0421875 0.035416666666666666
1 0.688671875 0.5588541666666667 0.078125 0.2125
1 0.503515625 0.09166666666666666 0.13671875 0.08229166666666667
2 0.73671875 0.16927083333333334 0.03046875 0.022916666666666665
2 0.717578125 0.14427083333333332 0.02734375 0.022916666666666665
2 0.70859375 0.16302083333333334 0.028125 0.027083333333333334
2 0.678515625 0.13645833333333332 0.03359375 0.023958333333333335
2 0.635546875 0.140625 0.03984375 0.027083333333333334
2 0.6625 0.16458333333333333 0.034375 0.029166666666666667
2 0.2453125 0.4140625 0.021875 0.057291666666666664
2 0.22109375 0.46458333333333335 0.021875 0.04895833333333333
3 0.6015625 0.3932291666666667 0.01640625 0.023958333333333335
2 0.205859375 0.50625 0.0171875 0.04583333333333333
3 0.2546875 0.3723958333333333 0.0171875 0.016666666666666666