2 0.500390625 0.1703125 0.040625 0.040625
2 0.678125 0.1375 0.03046875 0.022916666666666665
1 0.359375 0.026041666666666668 0.03203125 0.021875
1 0.66015625 0.8432291666666667 0.03203125 0.05
1 0.610546875 0.5880208333333333 0.11484375 0.23958333333333334
2 0.66484375 0.16875 0.03984375 0.03229166666666667
2 0.716015625 0.1421875 0.028125 0.020833333333333332
2 0.699609375 0.4328125 0.0484375 0.08958333333333333
2 0.699609375 0.628125 0.0296875 0.071875
2 0.245703125 0.41302083333333334 0.025 0.04791666666666667
2 0.222265625 0.459375 0.0265625 0.041666666666666664
3 0.60078125 0.09583333333333334 0.0078125 0.022916666666666665
3 0.607421875 0.10104166666666667 0.00703125 0.021875
3 0.613671875 0.10729166666666666 0.0078125 0.021875
3 0.591015625 0.10989583333333333 0.009375 0.01875
3 0.584375 0.10833333333333334 0.00703125 0.023958333333333335
3 0.551171875 0.09166666666666666 0.009375 0.021875
3 0.561328125 0.09791666666666667 0.009375 0.027083333333333334
3 0.716796875 0.39427083333333335 0.01953125 0.015625
3 0.33828125 0.22239583333333332 0.01015625 0.022916666666666665
3 0.349609375 0.23541666666666666 0.01484375 0.027083333333333334
2 0.740234375 0.1703125 0.02421875 0.023958333333333335
2 0.70859375 0.16302083333333334 0.03046875 0.023958333333333335
2 0.20625 0.5046875 0.01171875 0.04375
2 0.19375 0.5401041666666667 0.01796875 0.0375
2 0.3546875 0.09375 0.0203125 0.022916666666666665
2 0.40234375 0.07239583333333334 0.02109375 0.023958333333333335
2 0.429296875 0.0953125 0.028125 0.028125
2 0.6359375 0.13802083333333334 0.03671875 0.03229166666666667