2 0.80390625 0.5567708333333333 0.0265625 0.042708333333333334
1 0.316796875 0.5760416666666667 0.21875 0.384375
2 0.27734375 0.7744791666666667 0.04140625 0.042708333333333334
2 0.243359375 0.7609375 0.03125 0.036458333333333336
2 0.3328125 0.44375 0.06484375 0.11145833333333334
2 0.332421875 0.1453125 0.0203125 0.0375
2 0.387890625 0.20260416666666667 0.03828125 0.052083333333333336
2 0.3453125 0.16145833333333334 0.02578125 0.03854166666666667
2 0.335546875 0.21875 0.0296875 0.040625
2 0.76171875 0.6265625 0.025 0.057291666666666664
2 0.786328125 0.5890625 0.03125 0.05416666666666667
2 0.52421875 0.95625 0.02890625 0.03125
3 0.201953125 0.5348958333333333 0.01953125 0.017708333333333333
2 0.43125 0.8208333333333333 0.053125 0.06145833333333333
2 0.49296875 0.7223958333333333 0.08046875 0.08541666666666667