2 0.193359375 0.5421875 0.01484375 0.041666666666666664
2 0.202734375 0.5041666666666667 0.0125 0.04479166666666667
2 0.222265625 0.46197916666666666 0.0203125 0.053125
2 0.244140625 0.4140625 0.01796875 0.05416666666666667
2 0.283203125 0.453125 0.0453125 0.06041666666666667
2 0.509375 0.34739583333333335 0.0609375 0.109375
1 0.669921875 0.13020833333333334 0.12265625 0.04895833333333333
3 0.7171875 0.39010416666666664 0.025 0.015625
1 0.380859375 0.029166666666666667 0.03984375 0.03333333333333333
1 0.425390625 0.050520833333333334 0.04921875 0.042708333333333334
2 0.651171875 0.7260416666666667 0.02734375 0.05416666666666667
2 0.7046875 0.16458333333333333 0.0296875 0.029166666666666667
2 0.6703125 0.1640625 0.0375 0.03333333333333333
2 0.366015625 0.109375 0.021875 0.025