2 0.777734375 0.5364583333333334 0.021875 0.053125
3 0.28671875 0.6223958333333334 0.021875 0.021875
3 0.194921875 0.5979166666666667 0.0171875 0.0125
2 0.39453125 0.8645833333333334 0.04921875 0.03229166666666667
2 0.61484375 0.8697916666666666 0.0390625 0.041666666666666664
2 0.33671875 0.8328125 0.0453125 0.04375
2 0.33203125 0.8666666666666667 0.03125 0.025
2 0.287109375 0.8359375 0.03671875 0.028125
2 0.2421875 0.8333333333333334 0.0328125 0.036458333333333336
2 0.315625 0.46510416666666665 0.04296875 0.08958333333333333
2 0.288671875 0.3015625 0.01875 0.05416666666666667
1 0.348046875 0.16458333333333333 0.04375 0.06875
2 0.7015625 0.5671875 0.04609375 0.06770833333333333
3 0.457421875 0.9 0.01015625 0.026041666666666668
2 0.7953125 0.49166666666666664 0.01875 0.04791666666666667
2 0.80234375 0.45677083333333335 0.02109375 0.041666666666666664