2 0.20078125 0.5901041666666667 0.01875 0.03854166666666667
2 0.330859375 0.13333333333333333 0.02578125 0.030208333333333334
1 0.31484375 0.0625 0.040625 0.029166666666666667
1 0.310546875 0.16197916666666667 0.05703125 0.09479166666666666
3 0.708203125 0.3494791666666667 0.02109375 0.019791666666666666
2 0.649609375 0.11197916666666667 0.04140625 0.030208333333333334
2 0.69140625 0.5114583333333333 0.03515625 0.08958333333333333
2 0.715234375 0.6229166666666667 0.02734375 0.06770833333333333
2 0.728515625 0.6838541666666667 0.025 0.04791666666666667
2 0.3515625 0.16145833333333334 0.02890625 0.04895833333333333
2 0.31875 0.1203125 0.01953125 0.022916666666666665
2 0.30703125 0.1078125 0.01484375 0.020833333333333332
2 0.331640625 0.07604166666666666 0.0171875 0.021875
2 0.222265625 0.5072916666666667 0.0296875 0.05520833333333333
2 0.208203125 0.5526041666666667 0.021875 0.04791666666666667