2 0.25625 0.21666666666666667 0.0296875 0.03333333333333333
2 0.294921875 0.2864583333333333 0.02890625 0.05
2 0.44375 0.44114583333333335 0.078125 0.12708333333333333
2 0.80703125 0.4713541666666667 0.0203125 0.040625
2 0.791015625 0.4390625 0.02421875 0.051041666666666666
2 0.76875 0.4010416666666667 0.03046875 0.05416666666666667
2 0.736328125 0.3536458333333333 0.034375 0.06145833333333333
1 0.553125 0.0125 0.040625 0.025
1 0.211328125 0.22447916666666667 0.09921875 0.10833333333333334
1 0.31328125 0.8411458333333334 0.03125 0.06458333333333334
2 0.221875 0.29583333333333334 0.0296875 0.034375
3 0.26484375 0.4359375 0.02265625 0.022916666666666665
2 0.556640625 0.03854166666666667 0.02265625 0.023958333333333335
2 0.289453125 0.2046875 0.0421875 0.035416666666666666