3 0.653515625 0.1234375 0.01640625 0.026041666666666668
3 0.7265625 0.43385416666666665 0.02890625 0.021875
1 0.610546875 0.8609375 0.0453125 0.08020833333333334
2 0.446484375 0.159375 0.04609375 0.05625
2 0.423828125 0.0265625 0.01953125 0.01875
2 0.662890625 0.1671875 0.05390625 0.04375
2 0.7046875 0.20625 0.0421875 0.03958333333333333
2 0.764453125 0.21666666666666667 0.04296875 0.041666666666666664
2 0.29375 0.40677083333333336 0.05546875 0.07395833333333333
2 0.22734375 0.40729166666666666 0.02109375 0.053125
2 0.208984375 0.446875 0.02109375 0.051041666666666666
2 0.19296875 0.47552083333333334 0.01953125 0.03854166666666667