2 0.3578125 0.09166666666666666 0.02421875 0.027083333333333334
2 0.19375 0.5411458333333333 0.015625 0.0375
2 0.2046875 0.5026041666666666 0.0171875 0.041666666666666664
2 0.222265625 0.46510416666666665 0.021875 0.05
2 0.28515625 0.446875 0.0453125 0.06458333333333334
2 0.616796875 0.13020833333333334 0.04609375 0.022916666666666665
2 0.754296875 0.17916666666666667 0.0234375 0.03333333333333333
2 0.66796875 0.16666666666666666 0.0421875 0.04479166666666667
3 0.628515625 0.0984375 0.0125 0.022916666666666665
3 0.71484375 0.3875 0.025 0.016666666666666666
1 0.65078125 0.8333333333333334 0.04140625 0.06770833333333333
2 0.369921875 0.0484375 0.0171875 0.020833333333333332