2 0.630859375 0.5083333333333333 0.0515625 0.10729166666666666
3 0.76875 0.5479166666666667 0.0171875 0.019791666666666666
3 0.701953125 0.32916666666666666 0.01796875 0.022916666666666665
3 0.792578125 0.39114583333333336 0.0203125 0.013541666666666667
3 0.71875 0.39166666666666666 0.02265625 0.023958333333333335
3 0.567578125 0.1078125 0.0109375 0.03229166666666667
0 0.3484375 0.2953125 0.03515625 0.026041666666666668
2 0.396875 0.12864583333333332 0.03515625 0.042708333333333334
2 0.18125 0.55625 0.02265625 0.053125
2 0.19296875 0.525 0.01484375 0.04895833333333333
2 0.20625 0.4901041666666667 0.02109375 0.041666666666666664
2 0.70390625 0.8005208333333333 0.01875 0.03333333333333333
2 0.225 0.45 0.025 0.05520833333333333
2 0.70390625 0.75625 0.01875 0.034375
2 0.697265625 0.6145833333333334 0.03671875 0.07916666666666666
2 0.700390625 0.7078125 0.025 0.05
2 0.675 0.5125 0.04609375 0.09479166666666666