3 0.71953125 0.3890625 0.02265625 0.019791666666666666
3 0.75859375 0.3697916666666667 0.0203125 0.015625
2 0.746875 0.16302083333333334 0.0234375 0.029166666666666667
2 0.516796875 0.14166666666666666 0.0671875 0.036458333333333336
2 0.39140625 0.06510416666666667 0.028125 0.020833333333333332
2 0.3546875 0.08958333333333333 0.015625 0.022916666666666665
2 0.366796875 0.10989583333333333 0.0234375 0.029166666666666667
2 0.388671875 0.14166666666666666 0.02734375 0.041666666666666664
2 0.708984375 0.721875 0.0171875 0.04583333333333333
2 0.19453125 0.5421875 0.0171875 0.03958333333333333
2 0.2453125 0.4140625 0.0265625 0.05416666666666667
2 0.22265625 0.465625 0.02109375 0.04583333333333333
2 0.2046875 0.5057291666666667 0.0234375 0.04479166666666667
1 0.691015625 0.5598958333333334 0.0875 0.22291666666666668
1 0.50234375 0.09166666666666666 0.1390625 0.08541666666666667
2 0.35859375 0.3578125 0.06171875 0.065625
1 0.423046875 0.04895833333333333 0.04921875 0.042708333333333334
2 0.366015625 0.17708333333333334 0.02421875 0.04375
1 0.38203125 0.029166666666666667 0.0359375 0.023958333333333335