2 0.419140625 0.8536458333333333 0.0328125 0.04583333333333333
3 0.630078125 0.5604166666666667 0.0203125 0.027083333333333334
2 0.44765625 0.8828125 0.03828125 0.04791666666666667
3 0.784375 0.5479166666666667 0.021875 0.023958333333333335
2 0.43046875 0.9182291666666667 0.02421875 0.030208333333333334
2 0.418359375 0.940625 0.01953125 0.03125
2 0.2640625 0.6546875 0.03515625 0.06041666666666667
3 0.613671875 0.5234375 0.025 0.026041666666666668
2 0.78515625 0.7666666666666667 0.02890625 0.034375
3 0.570703125 0.8359375 0.0171875 0.027083333333333334
2 0.233984375 0.6125 0.02890625 0.053125
2 0.2109375 0.5755208333333334 0.02421875 0.04791666666666667
2 0.193359375 0.5432291666666667 0.02421875 0.041666666666666664
2 0.67265625 0.22552083333333334 0.0296875 0.057291666666666664
1 0.45859375 0.9869791666666666 0.040625 0.026041666666666668
1 0.492578125 0.9625 0.053125 0.057291666666666664
1 0.5671875 0.896875 0.14296875 0.12083333333333333
1 0.676171875 0.3885416666666667 0.11484375 0.234375
2 0.452734375 0.9651041666666667 0.0265625 0.027083333333333334
2 0.702734375 0.8151041666666666 0.040625 0.03333333333333333
2 0.7265625 0.7791666666666667 0.040625 0.040625
2 0.74765625 0.8015625 0.028125 0.030208333333333334