2 0.57109375 0.48333333333333334 0.0578125 0.10625
2 0.287890625 0.4510416666666667 0.0484375 0.07291666666666667
2 0.35859375 0.07708333333333334 0.02421875 0.022916666666666665
2 0.20625 0.5057291666666667 0.0203125 0.04791666666666667
2 0.194921875 0.5421875 0.015625 0.041666666666666664
2 0.6203125 0.134375 0.040625 0.025
2 0.66796875 0.16614583333333333 0.04375 0.029166666666666667
2 0.712109375 0.16302083333333334 0.03125 0.023958333333333335
2 0.73125 0.15052083333333333 0.025 0.023958333333333335
1 0.653125 0.8328125 0.04140625 0.071875
3 0.7140625 0.37864583333333335 0.01796875 0.019791666666666666
3 0.5859375 0.096875 0.0125 0.022916666666666665
2 0.22421875 0.46510416666666665 0.0265625 0.053125