1 0.418359375 0.12447916666666667 0.05390625 0.08333333333333333
2 0.2734375 0.7625 0.0453125 0.04895833333333333
2 0.555859375 0.9307291666666667 0.02578125 0.035416666666666666
2 0.31171875 0.809375 0.053125 0.046875
2 0.262890625 0.7927083333333333 0.0375 0.0375
2 0.22734375 0.7526041666666666 0.0375 0.0375
2 0.25625 0.6901041666666666 0.04921875 0.058333333333333334
2 0.34609375 0.16666666666666666 0.02265625 0.04583333333333333
2 0.398046875 0.2359375 0.0453125 0.07083333333333333
2 0.805078125 0.5671875 0.021875 0.04375
2 0.785546875 0.5963541666666666 0.02734375 0.046875
2 0.762109375 0.6296875 0.0265625 0.057291666666666664
2 0.698046875 0.6229166666666667 0.06015625 0.07395833333333333
3 0.378125 0.8713541666666667 0.0171875 0.028125
3 0.27265625 0.5427083333333333 0.025 0.028125