3 0.70078125 0.3609375 0.01953125 0.015625
2 0.66328125 0.16614583333333333 0.040625 0.029166666666666667
2 0.6796875 0.134375 0.03125 0.022916666666666665
2 0.246875 0.4140625 0.02109375 0.05416666666666667
2 0.222265625 0.4609375 0.021875 0.04791666666666667
2 0.20546875 0.50625 0.015625 0.040625
2 0.19609375 0.5442708333333334 0.01328125 0.035416666666666666
2 0.71015625 0.7213541666666666 0.0171875 0.041666666666666664
2 0.365625 0.17708333333333334 0.025 0.0375
2 0.3890625 0.13854166666666667 0.0265625 0.03958333333333333
2 0.367578125 0.11145833333333334 0.02109375 0.03229166666666667
2 0.351953125 0.09322916666666667 0.0171875 0.027083333333333334
2 0.38046875 0.05260416666666667 0.0234375 0.023958333333333335
2 0.638671875 0.13854166666666667 0.03984375 0.03125
2 0.718359375 0.14479166666666668 0.025 0.020833333333333332
2 0.740234375 0.17135416666666667 0.0328125 0.03229166666666667
2 0.70625 0.1625 0.03671875 0.025
1 0.5046875 0.09270833333333334 0.134375 0.0875
1 0.420703125 0.04739583333333333 0.04453125 0.042708333333333334
1 0.38203125 0.029166666666666667 0.0359375 0.023958333333333335
1 0.6890625 0.5604166666666667 0.08828125 0.2125
3 0.34453125 0.2234375 0.0140625 0.021875