2 0.699609375 0.6098958333333333 0.025 0.071875
0 0.74765625 0.4234375 0.01953125 0.030208333333333334
3 0.479296875 0.13697916666666668 0.0125 0.029166666666666667
3 0.471875 0.12291666666666666 0.00703125 0.026041666666666668
3 0.468359375 0.1421875 0.01171875 0.023958333333333335
3 0.459765625 0.12552083333333333 0.0125 0.021875
3 0.451953125 0.12447916666666667 0.0078125 0.026041666666666668
3 0.397265625 0.15520833333333334 0.0140625 0.026041666666666668
3 0.637109375 0.359375 0.01796875 0.023958333333333335
3 0.62890625 0.39739583333333334 0.01640625 0.01875
3 0.6234375 0.384375 0.01640625 0.016666666666666666
3 0.62890625 0.43645833333333334 0.01640625 0.016666666666666666
1 0.343359375 0.13177083333333334 0.053125 0.08229166666666667
1 0.36796875 0.035416666666666666 0.0421875 0.027083333333333334
2 0.193359375 0.5411458333333333 0.01484375 0.0375
2 0.205859375 0.5046875 0.02109375 0.04583333333333333
2 0.22109375 0.46510416666666665 0.021875 0.053125
2 0.379296875 0.05677083333333333 0.01484375 0.01875
2 0.344921875 0.07760416666666667 0.015625 0.01875
2 0.351953125 0.09166666666666666 0.01484375 0.023958333333333335
2 0.366015625 0.109375 0.021875 0.025
2 0.384375 0.134375 0.01875 0.036458333333333336
3 0.55 0.084375 0.0171875 0.027083333333333334