2 0.4734375 0.9057291666666667 0.0390625 0.03125
2 0.546875 0.8984375 0.0328125 0.04375
2 0.572265625 0.953125 0.02265625 0.028125
2 0.281640625 0.7729166666666667 0.040625 0.040625
2 0.203125 0.7364583333333333 0.02734375 0.030208333333333334
2 0.21796875 0.76875 0.0375 0.035416666666666666
2 0.263671875 0.7958333333333333 0.03984375 0.035416666666666666
2 0.34921875 0.8265625 0.0546875 0.046875
3 0.3359375 0.85 0.0125 0.020833333333333332
3 0.342578125 0.8557291666666667 0.0109375 0.020833333333333332
3 0.35 0.8583333333333333 0.0140625 0.025
3 0.358203125 0.8572916666666667 0.01015625 0.01875
3 0.36484375 0.8630208333333333 0.0140625 0.025
3 0.371875 0.8739583333333333 0.0109375 0.025
3 0.3796875 0.8796875 0.01015625 0.021875
3 0.273828125 0.5338541666666666 0.02421875 0.021875
3 0.605859375 0.8213541666666667 0.015625 0.026041666666666668
3 0.596875 0.8067708333333333 0.01875 0.030208333333333334
2 0.391796875 0.6104166666666667 0.04765625 0.10625
2 0.805078125 0.5609375 0.02109375 0.0375
2 0.7875 0.590625 0.02578125 0.04895833333333333
2 0.764453125 0.6213541666666667 0.0265625 0.06041666666666667
2 0.78984375 0.5484375 0.0234375 0.03854166666666667
2 0.73046875 0.6645833333333333 0.0328125 0.059375
2 0.388671875 0.14739583333333334 0.02734375 0.03854166666666667