2 0.22265625 0.46197916666666666 0.0234375 0.051041666666666666
2 0.632421875 0.37864583333333335 0.05703125 0.096875
1 0.609375 0.7390625 0.09140625 0.17916666666666667
2 0.432421875 0.14270833333333333 0.0390625 0.036458333333333336
2 0.7484375 0.17447916666666666 0.03671875 0.0375
2 0.508984375 0.16875 0.0515625 0.05416666666666667
2 0.3921875 0.15260416666666668 0.02421875 0.03958333333333333
2 0.355078125 0.09479166666666666 0.0234375 0.027083333333333334
2 0.36640625 0.04635416666666667 0.01875 0.016666666666666666
2 0.414453125 0.08125 0.0265625 0.028125
2 0.66484375 0.7583333333333333 0.0234375 0.040625
2 0.2046875 0.5963541666666666 0.02109375 0.03333333333333333
2 0.1953125 0.5463541666666667 0.02109375 0.03333333333333333
2 0.207421875 0.5078125 0.01796875 0.04375
2 0.472265625 0.27239583333333334 0.05546875 0.07395833333333333
3 0.71953125 0.3859375 0.0203125 0.019791666666666666