2 0.347265625 0.0828125 0.0203125 0.016666666666666666
2 0.703125 0.1640625 0.028125 0.022916666666666665
2 0.531640625 0.20364583333333333 0.0546875 0.06354166666666666
2 0.41875 0.08385416666666666 0.0265625 0.025
1 0.384765625 0.030729166666666665 0.04140625 0.030208333333333334
2 0.19375 0.540625 0.0203125 0.04479166666666667
2 0.6703125 0.16302083333333334 0.0375 0.029166666666666667
2 0.204296875 0.50625 0.0203125 0.04895833333333333
1 0.817578125 0.24791666666666667 0.046875 0.07083333333333333
3 0.73125 0.3802083333333333 0.0203125 0.019791666666666666
2 0.2671875 0.38645833333333335 0.034375 0.036458333333333336
2 0.223046875 0.46510416666666665 0.01796875 0.05
2 0.67265625 0.2921875 0.03046875 0.08020833333333334
2 0.709765625 0.5182291666666666 0.040625 0.08125