2 0.678125 0.134375 0.0328125 0.025
1 0.41640625 0.046875 0.04453125 0.041666666666666664
1 0.377734375 0.025 0.03671875 0.029166666666666667
3 0.2625 0.37447916666666664 0.02890625 0.021875
1 0.50390625 0.08958333333333333 0.13515625 0.0875
1 0.691015625 0.5604166666666667 0.078125 0.2125
2 0.247265625 0.4119791666666667 0.021875 0.05625
2 0.221484375 0.46145833333333336 0.0171875 0.04375
2 0.20625 0.50625 0.01796875 0.04583333333333333
2 0.1953125 0.5401041666666667 0.01484375 0.0375
2 0.705859375 0.46927083333333336 0.04609375 0.09270833333333334
2 0.709765625 0.7177083333333333 0.021875 0.052083333333333336
2 0.710546875 0.7645833333333333 0.01796875 0.03125
2 0.365625 0.17604166666666668 0.02734375 0.040625
2 0.3875 0.14010416666666667 0.0234375 0.041666666666666664
2 0.366015625 0.11302083333333333 0.021875 0.029166666666666667
2 0.353125 0.09375 0.01484375 0.019791666666666666
2 0.38046875 0.0546875 0.02109375 0.019791666666666666
2 0.741796875 0.17291666666666666 0.03359375 0.027083333333333334
2 0.716796875 0.14427083333333332 0.028125 0.025
2 0.708203125 0.16302083333333334 0.02734375 0.023958333333333335
2 0.661328125 0.16822916666666668 0.040625 0.019791666666666666
2 0.63828125 0.134375 0.03671875 0.025
2 0.714453125 0.7932291666666667 0.0171875 0.027083333333333334