3 0.714453125 0.4046875 0.02109375 0.019791666666666666
2 0.700390625 0.20416666666666666 0.04375 0.0375
2 0.7203125 0.1765625 0.03359375 0.029166666666666667
2 0.26015625 0.3625 0.02734375 0.058333333333333334
2 0.230078125 0.4036458333333333 0.02734375 0.052083333333333336
2 0.208203125 0.44479166666666664 0.0203125 0.04375
2 0.19453125 0.48020833333333335 0.0171875 0.0375
2 0.681640625 0.7625 0.021875 0.04479166666666667
2 0.405078125 0.153125 0.02890625 0.042708333333333334
2 0.4328125 0.11979166666666667 0.03125 0.04479166666666667
2 0.41484375 0.08854166666666667 0.025 0.036458333333333336
2 0.4015625 0.0671875 0.0203125 0.030208333333333334
2 0.434375 0.03333333333333333 0.02578125 0.028125
2 0.679296875 0.171875 0.04296875 0.03958333333333333
2 0.757421875 0.19479166666666667 0.02734375 0.026041666666666668
2 0.77578125 0.22552083333333334 0.0359375 0.03854166666666667
2 0.743359375 0.20989583333333334 0.0390625 0.03229166666666667
1 0.55234375 0.09895833333333333 0.14296875 0.11458333333333333
1 0.474609375 0.036458333333333336 0.04921875 0.051041666666666666
1 0.438671875 0.013020833333333334 0.03828125 0.026041666666666668
1 0.6796875 0.5989583333333334 0.1125 0.228125
3 0.37890625 0.19427083333333334 0.01640625 0.025