2 0.237890625 0.375 0.03046875 0.057291666666666664
2 0.76640625 0.240625 0.0421875 0.04479166666666667
3 0.63984375 0.1296875 0.01640625 0.029166666666666667
3 0.7296875 0.453125 0.025 0.026041666666666668
1 0.588671875 0.8723958333333334 0.0546875 0.08645833333333333
2 0.611328125 0.7947916666666667 0.03125 0.05
2 0.19453125 0.43802083333333336 0.02109375 0.03958333333333333
2 0.21328125 0.409375 0.02734375 0.04895833333333333
2 0.475 0.0890625 0.0328125 0.03229166666666667
2 0.422265625 0.0390625 0.02265625 0.03229166666666667
2 0.682421875 0.1859375 0.05 0.041666666666666664
2 0.72265625 0.23125 0.04921875 0.05
2 0.75546875 0.21041666666666667 0.03671875 0.034375
2 0.300390625 0.38385416666666666 0.05703125 0.084375