3 0.425390625 0.16614583333333333 0.01015625 0.026041666666666668
1 0.344140625 0.13385416666666666 0.0515625 0.084375
3 0.5515625 0.4921875 0.0171875 0.023958333333333335
3 0.55546875 0.39895833333333336 0.01640625 0.030208333333333334
3 0.698828125 0.35989583333333336 0.02265625 0.013541666666666667
3 0.703125 0.3729166666666667 0.021875 0.0125
3 0.403515625 0.15729166666666666 0.01015625 0.01875
3 0.4140625 0.17604166666666668 0.0125 0.023958333333333335
3 0.410546875 0.153125 0.01015625 0.01875
3 0.41796875 0.1515625 0.00703125 0.01875
1 0.36875 0.035416666666666666 0.04140625 0.023958333333333335
0 0.56953125 0.23489583333333333 0.03671875 0.026041666666666668
3 0.83671875 0.40625 0.009375 0.007291666666666667
3 0.341796875 0.215625 0.0171875 0.021875
2 0.378515625 0.05572916666666667 0.01796875 0.022916666666666665
2 0.345703125 0.0796875 0.0171875 0.016666666666666666
2 0.353515625 0.09166666666666666 0.0203125 0.020833333333333332
2 0.3671875 0.109375 0.02421875 0.028125
2 0.3859375 0.13385416666666666 0.02421875 0.0375
2 0.1953125 0.5421875 0.0171875 0.036458333333333336
2 0.208203125 0.5026041666666666 0.02109375 0.04791666666666667
2 0.22265625 0.4630208333333333 0.02734375 0.04895833333333333
2 0.689453125 0.55 0.0328125 0.08229166666666667