2 0.569140625 0.26145833333333335 0.06796875 0.07916666666666666
3 0.626171875 0.19375 0.01484375 0.021875
3 0.278125 0.4395833333333333 0.021875 0.022916666666666665
3 0.61953125 0.21041666666666667 0.01640625 0.026041666666666668
3 0.40546875 0.109375 0.0125 0.03125
2 0.7921875 0.4427083333333333 0.021875 0.042708333333333334
2 0.770703125 0.40572916666666664 0.028125 0.04583333333333333
4 0.241015625 0.20729166666666668 0.053125 0.04479166666666667
3 0.394140625 0.11197916666666667 0.009375 0.022916666666666665
3 0.387109375 0.121875 0.009375 0.023958333333333335
3 0.38046875 0.1296875 0.01015625 0.023958333333333335
3 0.3703125 0.12708333333333333 0.009375 0.023958333333333335
3 0.3609375 0.13229166666666667 0.0078125 0.023958333333333335
3 0.35234375 0.1421875 0.01171875 0.025
2 0.587890625 0.08385416666666666 0.0265625 0.036458333333333336
2 0.569140625 0.11510416666666666 0.028125 0.04375
2 0.31015625 0.1734375 0.0390625 0.03958333333333333
2 0.294921875 0.7609375 0.01640625 0.03958333333333333
2 0.5578125 0.042708333333333334 0.021875 0.020833333333333332
2 0.409375 0.14010416666666667 0.0578125 0.046875
2 0.508984375 0.08020833333333334 0.03671875 0.028125
2 0.805859375 0.475 0.01953125 0.036458333333333336
2 0.741015625 0.3609375 0.03046875 0.05416666666666667
2 0.806640625 0.5458333333333333 0.02421875 0.0375