2 0.695703125 0.7947916666666667 0.0171875 0.029166666666666667
2 0.65078125 0.7963541666666667 0.02265625 0.03333333333333333
2 0.5953125 0.5416666666666666 0.059375 0.11041666666666666
3 0.691796875 0.1296875 0.00625 0.016666666666666666
3 0.697265625 0.13489583333333333 0.00625 0.013541666666666667
1 0.433984375 0.06458333333333334 0.059375 0.057291666666666664
1 0.407421875 0.019791666666666666 0.0453125 0.030208333333333334
3 0.346484375 0.23802083333333332 0.021875 0.028125
3 0.35625 0.21666666666666667 0.01640625 0.025
3 0.719921875 0.4161458333333333 0.02109375 0.020833333333333332
3 0.596875 0.1046875 0.00859375 0.020833333333333332
2 0.696875 0.709375 0.02265625 0.05520833333333333
2 0.679296875 0.5390625 0.04375 0.084375
2 0.196484375 0.5473958333333333 0.01640625 0.026041666666666668
2 0.191796875 0.5125 0.01640625 0.03854166666666667
2 0.20546875 0.4744791666666667 0.02109375 0.042708333333333334
2 0.22578125 0.43333333333333335 0.0203125 0.04583333333333333
2 0.25078125 0.39114583333333336 0.028125 0.058333333333333334
2 0.390625 0.1046875 0.028125 0.034375
2 0.534375 0.18697916666666667 0.053125 0.05625
2 0.679296875 0.18489583333333334 0.0359375 0.035416666666666666
2 0.723046875 0.1859375 0.03203125 0.030208333333333334
2 0.755078125 0.19322916666666667 0.03125 0.027083333333333334
2 0.696484375 0.15520833333333334 0.034375 0.028125
2 0.73359375 0.16354166666666667 0.03046875 0.026041666666666668
2 0.654296875 0.15364583333333334 0.03515625 0.026041666666666668
3 0.685546875 0.12239583333333333 0.00859375 0.017708333333333333
3 0.680078125 0.11510416666666666 0.00859375 0.019791666666666666
2 0.455078125 0.21875 0.05546875 0.07604166666666666
1 0.510546875 0.5078125 0.18046875 0.328125