2 0.546875 0.17604166666666668 0.0453125 0.05
2 0.376953125 0.09895833333333333 0.0328125 0.030208333333333334
1 0.705859375 0.0703125 0.034375 0.029166666666666667
1 0.29375 0.7963541666666667 0.03828125 0.057291666666666664
1 0.37890625 0.5583333333333333 0.146875 0.26458333333333334
2 0.385546875 0.1328125 0.04375 0.041666666666666664
2 0.3390625 0.09375 0.03046875 0.028125
2 0.313671875 0.38333333333333336 0.06015625 0.1
2 0.285546875 0.575 0.0390625 0.078125
2 0.762109375 0.4791666666666667 0.03125 0.053125
2 0.778515625 0.5307291666666667 0.03203125 0.04791666666666667
3 0.458984375 0.07760416666666667 0.0109375 0.025
3 0.4515625 0.08125 0.01015625 0.022916666666666665
3 0.44453125 0.08541666666666667 0.0109375 0.023958333333333335
3 0.46640625 0.09375 0.01171875 0.020833333333333332
3 0.473046875 0.09427083333333333 0.01015625 0.025
3 0.508203125 0.0859375 0.0125 0.023958333333333335
3 0.497265625 0.08958333333333333 0.01328125 0.029166666666666667
3 0.30234375 0.3411458333333333 0.02109375 0.019791666666666666
3 0.6984375 0.26875 0.01328125 0.025
3 0.685546875 0.2786458333333333 0.01875 0.030208333333333334
2 0.311328125 0.11510416666666666 0.02734375 0.029166666666666667
2 0.343359375 0.11614583333333334 0.03359375 0.03125
2 0.7875 0.5791666666666667 0.01796875 0.04583333333333333
2 0.794921875 0.6171875 0.02265625 0.041666666666666664
2 0.70078125 0.13802083333333334 0.0234375 0.028125
2 0.65703125 0.10520833333333333 0.02421875 0.029166666666666667
2 0.62734375 0.12083333333333333 0.03125 0.034375
2 0.418359375 0.10989583333333333 0.040625 0.040625