2 0.6921875 0.7458333333333333 0.0234375 0.04791666666666667
2 0.720703125 0.6802083333333333 0.025 0.06354166666666666
2 0.39140625 0.159375 0.03125 0.04583333333333333
2 0.418359375 0.12864583333333332 0.03046875 0.040625
2 0.396484375 0.09166666666666666 0.03203125 0.028125
2 0.384765625 0.07135416666666666 0.02265625 0.022916666666666665
2 0.41640625 0.040625 0.021875 0.022916666666666665
2 0.6890625 0.8 0.015625 0.030208333333333334
1 0.419921875 0.015104166666666667 0.040625 0.029166666666666667
2 0.19375 0.5 0.0203125 0.042708333333333334
1 0.456640625 0.04010416666666667 0.04453125 0.040625
1 0.683203125 0.5848958333333333 0.09453125 0.221875
1 0.535546875 0.09427083333333333 0.1421875 0.10104166666666667
2 0.761328125 0.20416666666666666 0.03203125 0.027083333333333334
2 0.744140625 0.1765625 0.02890625 0.027083333333333334
2 0.733984375 0.19375 0.03046875 0.03125
2 0.705859375 0.16354166666666667 0.03515625 0.028125
2 0.662890625 0.16145833333333334 0.04140625 0.03229166666666667
2 0.687890625 0.1890625 0.03671875 0.03333333333333333
2 0.253515625 0.37916666666666665 0.0265625 0.06041666666666667
2 0.225390625 0.42604166666666665 0.02578125 0.052083333333333336
3 0.609375 0.4078125 0.01796875 0.026041666666666668
2 0.20703125 0.46510416666666665 0.0203125 0.04791666666666667
3 0.266015625 0.3390625 0.01875 0.01875