3 0.74609375 0.3614583333333333 0.0203125 0.016666666666666666
3 0.54375 0.09947916666666666 0.01015625 0.027083333333333334
2 0.40859375 0.07447916666666667 0.02734375 0.016666666666666666
2 0.503125 0.115625 0.0546875 0.027083333333333334
2 0.5734375 0.18125 0.0609375 0.04375
2 0.388671875 0.13541666666666666 0.02734375 0.040625
2 0.347265625 0.3802083333333333 0.06171875 0.065625
2 0.223046875 0.465625 0.021875 0.052083333333333336
2 0.205859375 0.5036458333333333 0.01875 0.040625
2 0.194921875 0.540625 0.01796875 0.03958333333333333
2 0.583984375 0.5442708333333334 0.0546875 0.12708333333333333
2 0.676953125 0.5026041666666666 0.04296875 0.09479166666666666
3 0.71484375 0.37864583333333335 0.02265625 0.016666666666666666
2 0.675390625 0.6640625 0.0359375 0.06979166666666667
2 0.7 0.6036458333333333 0.0328125 0.07291666666666667