2 0.403515625 0.2786458333333333 0.0609375 0.06770833333333333
3 0.339453125 0.22395833333333334 0.0125 0.019791666666666666
3 0.712109375 0.39427083333333335 0.01953125 0.01875
3 0.348046875 0.2390625 0.0140625 0.022916666666666665
3 0.54765625 0.09427083333333333 0.009375 0.029166666666666667
2 0.2046875 0.5041666666666667 0.0171875 0.03958333333333333
2 0.221484375 0.4635416666666667 0.0234375 0.041666666666666664
4 0.721484375 0.15677083333333333 0.04921875 0.035416666666666666
3 0.558984375 0.09479166666666666 0.00703125 0.021875
3 0.5671875 0.103125 0.00703125 0.022916666666666665
3 0.574609375 0.109375 0.0078125 0.022916666666666665
3 0.584375 0.1046875 0.00703125 0.022916666666666665
3 0.594140625 0.1078125 0.00546875 0.022916666666666665
3 0.60390625 0.115625 0.009375 0.022916666666666665
2 0.364453125 0.10729166666666666 0.0234375 0.03229166666666667
2 0.38671875 0.134375 0.0234375 0.03958333333333333
2 0.64921875 0.13802083333333334 0.0359375 0.03229166666666667
2 0.733203125 0.7151041666666667 0.0125 0.0375
2 0.3890625 0.06041666666666667 0.0203125 0.016666666666666666
2 0.547265625 0.12552083333333333 0.0546875 0.035416666666666666
2 0.441796875 0.0875 0.034375 0.020833333333333332
2 0.194921875 0.5390625 0.015625 0.03333333333333333
2 0.245703125 0.41302083333333334 0.025 0.05
2 0.20234375 0.609375 0.0203125 0.03333333333333333