2 0.20703125 0.5046875 0.02109375 0.04895833333333333
2 0.194921875 0.5427083333333333 0.0203125 0.0375
2 0.71015625 0.7458333333333333 0.0171875 0.03229166666666667
2 0.71171875 0.7869791666666667 0.015625 0.028125
2 0.3875 0.134375 0.03359375 0.04479166666666667
2 0.67421875 0.16458333333333333 0.03359375 0.027083333333333334
2 0.222265625 0.46197916666666666 0.021875 0.04791666666666667
2 0.712109375 0.7010416666666667 0.0359375 0.057291666666666664
2 0.754296875 0.17135416666666667 0.0234375 0.029166666666666667
2 0.7 0.6057291666666667 0.034375 0.08229166666666667
2 0.675390625 0.5041666666666667 0.03984375 0.08958333333333333
2 0.628125 0.5041666666666667 0.05234375 0.1125