2 0.38359375 0.13489583333333333 0.02109375 0.035416666666666666
2 0.712109375 0.7963541666666667 0.01484375 0.029166666666666667
2 0.19375 0.5380208333333333 0.015625 0.03958333333333333
2 0.20625 0.5057291666666667 0.01796875 0.04479166666666667
2 0.223046875 0.4640625 0.02421875 0.052083333333333336
2 0.376953125 0.058333333333333334 0.01875 0.020833333333333332
2 0.344140625 0.0796875 0.015625 0.019791666666666666
2 0.3546875 0.09166666666666666 0.01796875 0.023958333333333335
2 0.366796875 0.109375 0.02109375 0.025
3 0.710546875 0.3958333333333333 0.01796875 0.0125
1 0.367578125 0.03697916666666667 0.0390625 0.030208333333333334
3 0.548046875 0.11302083333333333 0.01015625 0.027083333333333334
3 0.546875 0.09583333333333334 0.0078125 0.022916666666666665
3 0.534375 0.1125 0.0078125 0.019791666666666666
3 0.503515625 0.10625 0.01015625 0.022916666666666665
3 0.468359375 0.09479166666666666 0.01171875 0.023958333333333335
3 0.727734375 0.4 0.0203125 0.013541666666666667
1 0.343359375 0.13385416666666666 0.053125 0.084375
3 0.68984375 0.2875 0.025 0.030208333333333334