1 0.717578125 0.8052083333333333 0.065625 0.09895833333333333
3 0.58984375 0.8994791666666667 0.01640625 0.026041666666666668
3 0.54921875 0.8973958333333333 0.0171875 0.03229166666666667
2 0.698828125 0.8890625 0.0203125 0.020833333333333332
3 0.509375 0.8979166666666667 0.0125 0.028125
3 0.523046875 0.8947916666666667 0.0140625 0.025
3 0.519140625 0.9072916666666667 0.01640625 0.029166666666666667
3 0.297265625 0.6770833333333334 0.01953125 0.01875
2 0.727734375 0.8578125 0.01875 0.025
2 0.775 0.44427083333333334 0.03125 0.06145833333333333
2 0.784375 0.39895833333333336 0.0265625 0.05
2 0.787109375 0.3609375 0.025 0.04375
1 0.711328125 0.9083333333333333 0.04296875 0.036458333333333336
3 0.329296875 0.7390625 0.02578125 0.03125
3 0.310546875 0.6708333333333333 0.0296875 0.025
2 0.676171875 0.8177083333333334 0.0234375 0.03958333333333333
2 0.7 0.8369791666666667 0.0234375 0.0375
2 0.717578125 0.8479166666666667 0.01875 0.027083333333333334