2 0.631640625 0.5203125 0.0625 0.10729166666666666
2 0.67578125 0.5375 0.05859375 0.09791666666666667
2 0.71171875 0.44375 0.046875 0.0875
2 0.72890625 0.3536458333333333 0.03203125 0.065625
2 0.73984375 0.30052083333333335 0.01953125 0.03958333333333333
2 0.74765625 0.25052083333333336 0.01796875 0.030208333333333334
2 0.337890625 0.8338541666666667 0.0359375 0.05
2 0.2234375 0.4744791666666667 0.0328125 0.071875
2 0.2109375 0.42604166666666665 0.02890625 0.05
2 0.203515625 0.3875 0.021875 0.03958333333333333
2 0.214453125 0.2921875 0.021875 0.035416666666666666
3 0.5046875 0.9046875 0.0109375 0.025
3 0.554296875 0.9458333333333333 0.00703125 0.019791666666666666
3 0.548046875 0.9458333333333333 0.01015625 0.019791666666666666
3 0.701953125 0.665625 0.025 0.029166666666666667
3 0.6828125 0.7208333333333333 0.0234375 0.021875
0 0.598046875 0.8895833333333333 0.0234375 0.028125