2 0.808203125 0.5151041666666667 0.021875 0.036458333333333336
2 0.599609375 0.8416666666666667 0.03203125 0.04791666666666667
2 0.77109375 0.5901041666666667 0.021875 0.042708333333333334
2 0.573046875 0.8776041666666666 0.03046875 0.04479166666666667
2 0.590234375 0.9109375 0.02109375 0.030208333333333334
2 0.603515625 0.9328125 0.015625 0.022916666666666665
2 0.57265625 0.9635416666666666 0.021875 0.022916666666666665
2 0.310546875 0.828125 0.03828125 0.034375
1 0.316015625 0.403125 0.11015625 0.23645833333333333
2 0.2640625 0.8208333333333333 0.03515625 0.034375
2 0.235546875 0.7848958333333333 0.0265625 0.021875
2 0.21640625 0.7833333333333333 0.028125 0.035416666666666666
3 0.201171875 0.5552083333333333 0.0140625 0.017708333333333333
1 0.566015625 0.9854166666666667 0.03828125 0.029166666666666667
1 0.531640625 0.9614583333333333 0.04609375 0.05
1 0.45390625 0.9036458333333334 0.1359375 0.11458333333333333
3 0.381640625 0.8520833333333333 0.0125 0.028125
3 0.314453125 0.55 0.02109375 0.016666666666666666
3 0.30859375 0.578125 0.02109375 0.021875
2 0.316015625 0.24375 0.02578125 0.04791666666666667
2 0.74140625 0.63125 0.0296875 0.06041666666666667
2 0.791796875 0.553125 0.01953125 0.04375